0.5 4.58236212441524
0.55 4.57902216521241
0.6 4.57567101328844
0.65 4.57230859337392
0.7 4.56893482943762
0.75 4.5655496446762
0.8 4.56215296150364
0.85 4.55874470154065
0.9 4.55532478560377
0.95 4.55189313369436
1 4.54844966498735
1.05 4.54499429781982
1.1 4.54152694967942
1.15 4.53804753719247
1.2 4.534555976112
1.25 4.53105218130547
1.3 4.52753606674235
1.35 4.52400754548141
1.4 4.52046652965785
1.45 4.51691293047013
1.5 4.51334665816668
1.55 4.5097676220322
1.6 4.50617573037392
1.65 4.50257089050742
1.7 4.49895300874232
1.75 4.49532199036768
1.8 4.49167773963708
1.85 4.48802015975352
1.9 4.48434915285394
1.95 4.48066461999356
2 4.47696646112986
2.05 4.47325457510625
2.1 4.46952885963553
2.15 4.4657892112829
2.2 4.46203552544881
2.25 4.45826769635133
2.3 4.45448561700834
2.35 4.45068917921923
2.4 4.44687827354637
2.45 4.44305278929617
2.5 4.43921261449978
2.55 4.43535763589344
2.6 4.43148773889843
2.65 4.42760280760063
2.7 4.4237027247297
2.75 4.4197873716378
2.8 4.41585662827799
2.85 4.41191037318213
2.9 4.4079484834383
2.95 4.4039708346679
3 4.39997730100221
3.05 4.39596775505844
3.1 4.3919420679154
3.15 4.38790010908861
3.2 4.38384174650494
3.25 4.37976684647666
3.3 4.3756752736751
3.35 4.3715668911036
3.4 4.36744156007005
3.45 4.36329914015874
3.5 4.35913948920175
3.55 4.3549624632496
3.6 4.3507679165414
3.65 4.34655570147435
3.7 4.34232566857253
3.75 4.33807766645507
3.79999999999999 4.33381154180368
3.84999999999999 4.32952713932945
3.89999999999999 4.32522430173888
3.94999999999999 4.32090286969927
3.99999999999999 4.31656268180331
4.04999999999999 4.31220357453291
4.09999999999999 4.30782538222222
4.14999999999999 4.30342793701988
4.19999999999999 4.29901106885035
4.24999999999999 4.29457460537452
4.29999999999999 4.29011837194928
4.34999999999999 4.28564219158634
4.39999999999999 4.28114588490999
4.44999999999999 4.27662927011401
4.49999999999999 4.27209216291754
4.54999999999999 4.26753437651998
4.59999999999999 4.2629557215548
4.64999999999999 4.25835600604239
4.69999999999999 4.25373503534171
4.74999999999999 4.24909261210091
4.79999999999999 4.24442853620671
4.84999999999999 4.23974260473268
4.89999999999999 4.23503461188623
4.94999999999999 4.23030434895441
4.99999999999999 4.22555160424835
5.04999999999999 4.22077616304648
5.09999999999999 4.21597780753625
5.14999999999999 4.21115631675456
5.19999999999999 4.20631146652668
5.24999999999999 4.20144302940374
5.29999999999999 4.19655077459861
5.34999999999999 4.19163446792031
5.39999999999999 4.18669387170668
5.44999999999999 4.18172874475549
5.49999999999999 4.17673884225376
5.54999999999999 4.17172391570531
5.59999999999999 4.16668371285654
5.64999999999999 4.16161797762028
5.69999999999999 4.1565264499977
5.74999999999999 4.15140886599824
5.79999999999999 4.14626495755751
5.84999999999999 4.14109445245298
5.89999999999999 4.13589707421757
5.94999999999999 4.13067254205095
5.99999999999999 4.12542057072847
6.04999999999999 4.12014087050776
6.09999999999999 4.11483314703281
6.14999999999999 4.10949710123548
6.19999999999999 4.10413242923437
6.24999999999999 4.09873882223101
6.29999999999999 4.0933159664032
6.34999999999999 4.08786354279539
6.39999999999999 4.08238122720618
6.44999999999999 4.07686869007259
6.49999999999999 4.07132559635122
6.54999999999999 4.06575160539603
6.59999999999999 4.06014637083273
6.64999999999999 4.05450954042965
6.69999999999999 4.04884075596485
6.74999999999998 4.0431396530896
6.79999999999998 4.03740586118781
6.84999999999998 4.03163900323146
6.89999999999998 4.02583869563184
6.94999999999998 4.02000454808644
6.99999999999998 4.01413616342137
7.04999999999998 4.00823313742909
7.09999999999998 4.00229505870135
7.14999999999998 3.99632150845712
7.19999999999998 3.99031206036539
7.24999999999998 3.98426628036255
7.29999999999998 3.9781837264643
7.34999999999998 3.97206394857171
7.39999999999998 3.96590648827136
7.44999999999998 3.95971087862933
7.49999999999998 3.95347664397866
7.54999999999998 3.94720329970025
7.59999999999998 3.94089035199678
7.64999999999998 3.93453729765948
7.69999999999998 3.92814362382741
7.74999999999998 3.92170880773906
7.79999999999998 3.91523231647579
7.84999999999998 3.90871360669705
7.89999999999998 3.90215212436683
7.94999999999998 3.89554730447106
7.99999999999998 3.88889857072567
8.04999999999998 3.88220533527483
8.09999999999998 3.8754669983791
8.14999999999998 3.86868294809287
8.19999999999998 3.86185255993095
8.24999999999998 3.85497519652354
8.29999999999998 3.84805020725935
8.34999999999999 3.84107692791624
8.39999999999999 3.83405468027892
8.44999999999999 3.82698277174308
8.49999999999999 3.81986049490546
8.54999999999999 3.81268712713923
8.59999999999999 3.80546193015399
8.64999999999999 3.79818414953978
8.69999999999999 3.79085301429437
8.74999999999999 3.78346773633312
8.79999999999999 3.77602750998055
8.84999999999999 3.76853151144292
8.89999999999999 3.76097889826081
8.94999999999999 3.75336880874099
8.99999999999999 3.74570036136637
9.05 3.73797265418325
9.1 3.73018476416466
9.15 3.72233574654875
9.2 3.71442463415095
9.25 3.70645043664879
9.3 3.69841213983789
9.35 3.69030870485785
9.4 3.68213906738653
9.45 3.67390213680109
9.5 3.66559679530424
9.55 3.65722189701392
9.6 3.64877626701445
9.65 3.64025870036734
9.7 3.63166796107962
9.75000000000001 3.62300278102741
9.80000000000001 3.61426185883248
9.85000000000001 3.60544385868932
9.90000000000001 3.5965474091399
9.95000000000001 3.5875711017936
10 3.57851348998905
10.05 3.56937308739489
10.1 3.56014836654589
10.15 3.55083775731103
10.2 3.54143964528955
10.25 3.53195237013084
10.3 3.52237422377402
10.35 3.51270344860222
10.4 3.50293823550686
10.45 3.49307672185647
10.5 3.48311698936424
10.55 3.47305706184849
10.6 3.46289490287918
10.65 3.45262841330368
10.7 3.44225542864423
10.75 3.4317737163589
10.8 3.42118097295763
10.85 3.41047482096368
10.9 3.39965280571089
10.95 3.38871239196551
11 3.37765096036134
11.05 3.36646580363542
11.1 3.35515412265085
11.15 3.34371302219202
11.2 3.33213950651656
11.25 3.32043047464685
11.3 3.30858271538259
11.35 3.29659290201433
11.4 3.28445758671629
11.45 3.27217319459465
11.5 3.25973601736581
11.55 3.24714220663648
11.6 3.23438776675524
11.65 3.22146854720224
11.7 3.20838023448096
11.75 3.19511834347216
11.8 3.18167820820681
11.85 3.16805497201046
11.9 3.154243576967
11.95 3.14023875264448
12 3.12603500402027
12.05 3.11162659853621
12.1 3.0970075522075
12.15 3.08217161470102
12.2 3.06711225329002
12.25 3.0518226355821
12.3 3.03629561090605
12.35 3.02052369023081
12.4 3.00449902447527
12.45 2.98821338105167
12.5 2.97165811846718
12.55 2.95482415878742
12.6 2.93770195774232
12.65 2.92028147222776
12.7 2.90255212492604
12.75 2.884502765733
12.8 2.86612162963966
12.85 2.84739629066981
12.9000000000001 2.82831361142208
12.9500000000001 2.80885968770329
13.0000000000001 2.78901978766846
13.0500000000001 2.76877828480049
13.1000000000001 2.7481185839655
13.1500000000001 2.72702303966732
13.2000000000001 2.70547286549221
13.2500000000001 2.6834480335794
13.3000000000001 2.66092716276927
13.3500000000001 2.63788739386373
13.4000000000001 2.61430425017464
13.4500000000001 2.59015148122763
13.5000000000001 2.56540088711927
13.5500000000001 2.54002212058072
13.6000000000001 2.51398246326353
13.6500000000001 2.48724657211129
13.7000000000001 2.45977619088476
13.7500000000001 2.4315298209327
13.8000000000001 2.40246234409783
13.8500000000001 2.37252458915671
13.9000000000001 2.34166283133314
13.9500000000001 2.30981821209172
14.0000000000001 2.27692606347107
14.0500000000001 2.2429151174663
14.1000000000001 2.20770657616392
14.1500000000001 2.1712130121213
14.2000000000001 2.13333706038815
14.2500000000001 2.09396985292166
14.3000000000001 2.05298913200734
14.3500000000001 2.01025696031905
14.4000000000001 1.96561691948859
14.4500000000001 1.91889065364953
14.5000000000001 1.86987356511198
14.5500000000001 1.81832939965549
14.6000000000001 1.76398335891898
14.6500000000001 1.70651323129782
14.7000000000001 1.64553781529517
14.7500000000001 1.58060157859466
14.8000000000001 1.51115398126444
14.8500000000001 1.43652106837642
14.9000000000001 1.35586558136221
14.9500000000001 1.26812952615968
15.0000000000001 1.17194903872078
15.0500000000001 1.06552378408691
15.1000000000001 0.946408228505275
15.1500000000001 0.811160982772182
15.2000000000001 0.654717909381653
15.2500000000001 0.469178147367028
15.3000000000001 0.241187785415748
15.3500000000001 -0.054624876585748
15.4000000000001 -0.476552211758753
15.4500000000001 -1.22077737142241
