99 -6.53758208811287E-10
99.05 -6.53758209397795E-10
99.1 -6.53758209984221E-10
99.15 -6.53758210570565E-10
99.2 -6.53758211156826E-10
99.25 -6.53758211743004E-10
99.3 -6.537582123291E-10
99.35 -6.53758212915113E-10
99.4 -6.53758213501044E-10
99.45 -6.53758214086892E-10
99.5 -6.53758214672657E-10
99.55 -6.53758215258341E-10
99.6 -6.53758215843941E-10
99.65 -6.53758216429459E-10
99.7 -6.53758217014894E-10
99.75 -6.53758217600247E-10
99.8 -6.53758218185517E-10
99.85 -6.53758218770704E-10
99.8999999999999 -6.53758219355809E-10
99.9499999999999 -6.53758219940832E-10
99.9999999999999 -6.53758220525772E-10
100.05 -6.53758221110629E-10
100.1 -6.53758221695404E-10
100.15 -6.53758222280096E-10
100.2 -6.53758222864705E-10
100.25 -6.53758223449232E-10
100.3 -6.53758224033677E-10
100.35 -6.53758224618039E-10
100.4 -6.53758225202318E-10
100.45 -6.53758225786515E-10
100.5 -6.53758226370629E-10
100.55 -6.53758226954661E-10
100.6 -6.5375822753861E-10
100.65 -6.53758228122476E-10
100.7 -6.5375822870626E-10
100.75 -6.53758229289961E-10
100.8 -6.5375822987358E-10
100.85 -6.53758230457116E-10
100.9 -6.5375823104057E-10
100.95 -6.53758231623941E-10
101 -6.5375823220723E-10
101.05 -6.53758232790436E-10
101.1 -6.53758233373559E-10
101.15 -6.537582339566E-10
101.2 -6.53758234539558E-10
101.25 -6.53758235122434E-10
101.3 -6.53758235705227E-10
101.35 -6.53758236287937E-10
101.4 -6.53758236870565E-10
101.45 -6.53758237453111E-10
101.5 -6.53758238035573E-10
101.55 -6.53758238617954E-10
101.6 -6.53758239200251E-10
101.65 -6.53758239782466E-10
101.7 -6.53758240364599E-10
101.75 -6.53758240946649E-10
101.8 -6.53758241528617E-10
101.85 -6.53758242110501E-10
101.9 -6.53758242692304E-10
101.95 -6.53758243274023E-10
102 -6.53758243855661E-10
102.05 -6.53758244437215E-10
102.1 -6.53758245018687E-10
102.15 -6.53758245600077E-10
102.2 -6.53758246181384E-10
102.25 -6.53758246762608E-10
102.3 -6.5375824734375E-10
102.35 -6.53758247924809E-10
102.4 -6.53758248505785E-10
102.45 -6.53758249086679E-10
102.5 -6.53758249667491E-10
102.55 -6.5375825024822E-10
102.6 -6.53758250828866E-10
102.65 -6.5375825140943E-10
102.7 -6.53758251989911E-10
102.75 -6.5375825257031E-10
102.8 -6.53758253150626E-10
102.85 -6.53758253730859E-10
102.9 -6.5375825431101E-10
102.95 -6.53758254891079E-10
103 -6.53758255471064E-10
103.05 -6.53758256050968E-10
103.1 -6.53758256630788E-10
103.15 -6.53758257210526E-10
103.2 -6.53758257790182E-10
103.25 -6.53758258369755E-10
103.3 -6.53758258949245E-10
103.35 -6.53758259528653E-10
103.4 -6.53758260107978E-10
103.45 -6.53758260687221E-10
103.5 -6.53758261266381E-10
103.55 -6.53758261845459E-10
103.6 -6.53758262424454E-10
103.65 -6.53758263003366E-10
103.7 -6.53758263582196E-10
103.75 -6.53758264160943E-10
103.8 -6.53758264739608E-10
103.85 -6.5375826531819E-10
103.9 -6.5375826589669E-10
103.95 -6.53758266475107E-10
104 -6.53758267053441E-10
104.05 -6.53758267631693E-10
104.1 -6.53758268209862E-10
104.15 -6.53758268787949E-10
104.2 -6.53758269365954E-10
104.25 -6.53758269943875E-10
104.3 -6.53758270521714E-10
104.35 -6.53758271099471E-10
104.4 -6.53758271677145E-10
104.45 -6.53758272254736E-10
104.5 -6.53758272832245E-10
104.55 -6.53758273409671E-10
104.6 -6.53758273987014E-10
104.65 -6.53758274564276E-10
104.7 -6.53758275141454E-10
104.75 -6.5375827571855E-10
104.8 -6.53758276295563E-10
104.85 -6.53758276872494E-10
104.9 -6.53758277449342E-10
104.95 -6.53758278026108E-10
105 -6.53758278602791E-10
105.05 -6.53758279179392E-10
105.1 -6.5375827975591E-10
105.15 -6.53758280332345E-10
105.2 -6.53758280908698E-10
105.25 -6.53758281484968E-10
105.3 -6.53758282061156E-10
105.35 -6.53758282637261E-10
105.4 -6.53758283213284E-10
105.45 -6.53758283789224E-10
105.5 -6.53758284365081E-10
105.55 -6.53758284940856E-10
105.6 -6.53758285516548E-10
105.65 -6.53758286092158E-10
105.7 -6.53758286667685E-10
105.75 -6.5375828724313E-10
105.8 -6.53758287818492E-10
105.85 -6.53758288393771E-10
105.9 -6.53758288968968E-10
105.95 -6.53758289544082E-10
106 -6.53758290119114E-10
106.05 -6.53758290694063E-10
106.1 -6.5375829126893E-10
106.15 -6.53758291843714E-10
106.2 -6.53758292418415E-10
106.25 -6.53758292993034E-10
106.3 -6.53758293567571E-10
106.35 -6.53758294142024E-10
106.4 -6.53758294716396E-10
106.45 -6.53758295290684E-10
106.5 -6.5375829586489E-10
106.55 -6.53758296439014E-10
106.6 -6.53758297013055E-10
106.65 -6.53758297587013E-10
106.7 -6.53758298160889E-10
106.75 -6.53758298734682E-10
106.8 -6.53758299308393E-10
106.85 -6.53758299882021E-10
106.9 -6.53758300455566E-10
106.95 -6.53758301029029E-10
107 -6.5375830160241E-10
107.05 -6.53758302175708E-10
107.1 -6.53758302748923E-10
107.15 -6.53758303322056E-10
107.2 -6.53758303895106E-10
107.25 -6.53758304468073E-10
107.3 -6.53758305040958E-10
107.35 -6.53758305613761E-10
107.4 -6.5375830618648E-10
107.45 -6.53758306759118E-10
107.5 -6.53758307331673E-10
107.55 -6.53758307904145E-10
107.6 -6.53758308476534E-10
107.65 -6.53758309048841E-10
107.7 -6.53758309621066E-10
107.75 -6.53758310193208E-10
107.799999999999 -6.53758310765267E-10
107.849999999999 -6.53758311337244E-10
107.899999999999 -6.53758311909138E-10
107.949999999999 -6.53758312480949E-10
107.999999999999 -6.53758313052678E-10
108.049999999999 -6.53758313624325E-10
108.099999999999 -6.53758314195889E-10
108.149999999999 -6.5375831476737E-10
108.199999999999 -6.53758315338769E-10
108.249999999999 -6.53758315910085E-10
108.299999999999 -6.53758316481319E-10
108.349999999999 -6.5375831705247E-10
108.399999999999 -6.53758317623538E-10
108.449999999999 -6.53758318194524E-10
108.499999999999 -6.53758318765428E-10
108.549999999999 -6.53758319336249E-10
108.599999999999 -6.53758319906987E-10
108.649999999999 -6.53758320477643E-10
108.699999999999 -6.53758321048216E-10
108.749999999999 -6.53758321618706E-10
108.799999999999 -6.53758322189114E-10
108.849999999999 -6.53758322759439E-10
108.899999999999 -6.53758323329682E-10
108.949999999999 -6.53758323899843E-10
108.999999999999 -6.5375832446992E-10
109.049999999999 -6.53758325039915E-10
109.099999999999 -6.53758325609828E-10
109.149999999999 -6.53758326179658E-10
109.199999999999 -6.53758326749405E-10
109.249999999999 -6.5375832731907E-10
109.299999999999 -6.53758327888653E-10
109.349999999999 -6.53758328458152E-10
109.399999999999 -6.53758329027569E-10
109.449999999999 -6.53758329596904E-10
109.499999999999 -6.53758330166156E-10
109.549999999999 -6.53758330735325E-10
109.599999999999 -6.53758331304412E-10
109.649999999999 -6.53758331873417E-10
109.699999999999 -6.53758332442338E-10
109.749999999999 -6.53758333011178E-10
109.799999999999 -6.53758333579934E-10
109.849999999999 -6.53758334148608E-10
109.899999999999 -6.537583347172E-10
109.949999999999 -6.53758335285709E-10
109.999999999999 -6.53758335854135E-10
110.049999999999 -6.53758336422479E-10
110.099999999999 -6.5375833699074E-10
110.149999999999 -6.53758337558919E-10
110.199999999999 -6.53758338127014E-10
110.249999999999 -6.53758338695028E-10
110.299999999999 -6.53758339262959E-10
110.349999999999 -6.53758339830807E-10
110.399999999999 -6.53758340398573E-10
110.449999999999 -6.53758340966256E-10
110.499999999999 -6.53758341533857E-10
110.549999999999 -6.53758342101375E-10
110.599999999999 -6.53758342668811E-10
110.649999999999 -6.53758343236164E-10
110.699999999999 -6.53758343803434E-10
110.749999999999 -6.53758344370622E-10
110.799999999999 -6.53758344937727E-10
110.849999999999 -6.5375834550475E-10
110.899999999999 -6.5375834607169E-10
110.949999999999 -6.53758346638547E-10
110.999999999999 -6.53758347205323E-10
111.049999999999 -6.53758347772015E-10
111.099999999999 -6.53758348338625E-10
111.149999999999 -6.53758348905152E-10
111.199999999999 -6.53758349471597E-10
111.249999999999 -6.53758350037959E-10
111.299999999999 -6.53758350604238E-10
111.349999999999 -6.53758351170436E-10
111.399999999999 -6.5375835173655E-10
111.449999999999 -6.53758352302582E-10
111.499999999999 -6.53758352868531E-10
111.549999999999 -6.53758353434398E-10
111.599999999999 -6.53758354000182E-10
111.649999999999 -6.53758354565884E-10
111.699999999999 -6.53758355131503E-10
111.749999999999 -6.53758355697039E-10
111.799999999999 -6.53758356262493E-10
111.849999999999 -6.53758356827864E-10
111.899999999999 -6.53758357393153E-10
111.949999999999 -6.53758357958359E-10
111.999999999999 -6.53758358523483E-10
112.049999999999 -6.53758359088524E-10
112.099999999999 -6.53758359653483E-10
112.149999999999 -6.53758360218359E-10
112.199999999999 -6.53758360783152E-10
112.249999999999 -6.53758361347863E-10
112.299999999999 -6.53758361912491E-10
112.349999999999 -6.53758362477037E-10
112.399999999999 -6.537583630415E-10
112.449999999999 -6.5375836360588E-10
112.499999999999 -6.53758364170178E-10
112.549999999999 -6.53758364734394E-10
112.599999999999 -6.53758365298526E-10
112.649999999999 -6.53758365862577E-10
112.699999999999 -6.53758366426544E-10
112.749999999999 -6.53758366990429E-10
112.799999999999 -6.53758367554232E-10
112.849999999999 -6.53758368117952E-10
112.899999999999 -6.53758368681589E-10
112.949999999999 -6.53758369245144E-10
112.999999999999 -6.53758369808616E-10
113.049999999999 -6.53758370372006E-10
113.099999999999 -6.53758370935313E-10
113.149999999999 -6.53758371498538E-10
113.199999999999 -6.5375837206168E-10
113.249999999999 -6.5375837262474E-10
113.299999999999 -6.53758373187716E-10
113.349999999999 -6.53758373750611E-10
113.399999999999 -6.53758374313422E-10
113.449999999999 -6.53758374876152E-10
113.499999999999 -6.53758375438798E-10
113.549999999999 -6.53758376001362E-10
113.599999999999 -6.53758376563844E-10
113.649999999999 -6.53758377126243E-10
113.699999999999 -6.53758377688559E-10
113.749999999999 -6.53758378250793E-10
113.799999999999 -6.53758378812944E-10
113.849999999999 -6.53758379375012E-10
113.899999999999 -6.53758379936999E-10
113.949999999999 -6.53758380498902E-10
113.999999999999 -6.53758381060723E-10
114.049999999999 -6.53758381622461E-10
114.099999999999 -6.53758382184117E-10
114.149999999999 -6.5375838274569E-10
114.199999999999 -6.53758383307181E-10
114.249999999999 -6.53758383868589E-10
114.299999999999 -6.53758384429915E-10
114.349999999999 -6.53758384991158E-10
114.399999999999 -6.53758385552318E-10
114.449999999999 -6.53758386113396E-10
114.499999999999 -6.53758386674391E-10
114.549999999999 -6.53758387235304E-10
114.599999999999 -6.53758387796134E-10
114.649999999999 -6.53758388356881E-10
114.699999999999 -6.53758388917546E-10
114.749999999999 -6.53758389478129E-10
114.799999999999 -6.53758390038629E-10
114.849999999999 -6.53758390599046E-10
114.899999999999 -6.53758391159381E-10
114.949999999999 -6.53758391719633E-10
114.999999999999 -6.53758392279802E-10
115.049999999999 -6.53758392839889E-10
115.099999999999 -6.53758393399894E-10
115.149999999999 -6.53758393959816E-10
115.199999999999 -6.53758394519655E-10
115.249999999999 -6.53758395079412E-10
115.299999999999 -6.53758395639086E-10
115.349999999999 -6.53758396198677E-10
115.399999999999 -6.53758396758187E-10
115.449999999999 -6.53758397317613E-10
115.499999999999 -6.53758397876957E-10
115.549999999999 -6.53758398436218E-10
115.599999999999 -6.53758398995397E-10
115.649999999999 -6.53758399554493E-10
115.699999999999 -6.53758400113507E-10
115.749999999999 -6.53758400672438E-10
115.799999999999 -6.53758401231286E-10
115.849999999999 -6.53758401790052E-10
115.899999999999 -6.53758402348736E-10
115.949999999999 -6.53758402907336E-10
115.999999999999 -6.53758403465855E-10
116.049999999999 -6.5375840402429E-10
116.099999999999 -6.53758404582643E-10
116.149999999999 -6.53758405140914E-10
116.199999999999 -6.53758405699102E-10
116.249999999999 -6.53758406257207E-10
116.299999999999 -6.5375840681523E-10
116.349999999999 -6.5375840737317E-10
116.399999999999 -6.53758407931028E-10
116.449999999999 -6.53758408488803E-10
116.499999999999 -6.53758409046496E-10
116.549999999999 -6.53758409604106E-10
116.599999999999 -6.53758410161633E-10
116.649999999999 -6.53758410719078E-10
116.699999999999 -6.5375841127644E-10
116.749999999999 -6.5375841183372E-10
116.799999999999 -6.53758412390917E-10
116.849999999999 -6.53758412948032E-10
116.899999999999 -6.53758413505064E-10
116.949999999999 -6.53758414062013E-10
116.999999999999 -6.5375841461888E-10
117.049999999999 -6.53758415175664E-10
117.099999999999 -6.53758415732366E-10
117.149999999999 -6.53758416288985E-10
117.199999999999 -6.53758416845522E-10
117.249999999999 -6.53758417401976E-10
117.299999999999 -6.53758417958347E-10
117.349999999999 -6.53758418514636E-10
117.399999999999 -6.53758419070842E-10
117.449999999999 -6.53758419626966E-10
117.499999999999 -6.53758420183007E-10
117.549999999999 -6.53758420738966E-10
117.599999999999 -6.53758421294842E-10
117.649999999999 -6.53758421850635E-10
117.699999999999 -6.53758422406346E-10
117.749999999999 -6.53758422961975E-10
117.799999999999 -6.53758423517521E-10
117.849999999999 -6.53758424072984E-10
117.899999999999 -6.53758424628364E-10
117.949999999999 -6.53758425183662E-10
117.999999999999 -6.53758425738878E-10
118.049999999999 -6.53758426294011E-10
118.099999999999 -6.53758426849061E-10
118.149999999999 -6.53758427404029E-10
118.199999999999 -6.53758427958914E-10
118.249999999999 -6.53758428513717E-10
118.299999999999 -6.53758429068437E-10
118.349999999999 -6.53758429623075E-10
118.399999999999 -6.5375843017763E-10
118.449999999999 -6.53758430732102E-10
118.499999999999 -6.53758431286492E-10
118.549999999999 -6.53758431840799E-10
118.599999999999 -6.53758432395024E-10
118.649999999999 -6.53758432949166E-10
118.699999999999 -6.53758433503226E-10
118.749999999999 -6.53758434057203E-10
118.799999999999 -6.53758434611097E-10
118.849999999999 -6.53758435164909E-10
118.899999999999 -6.53758435718638E-10
118.949999999999 -6.53758436272285E-10
118.999999999999 -6.53758436825849E-10
119.049999999999 -6.53758437379331E-10
119.099999999999 -6.5375843793273E-10
119.149999999999 -6.53758438486046E-10
119.199999999999 -6.5375843903928E-10
119.249999999999 -6.53758439592431E-10
119.299999999999 -6.537584401455E-10
119.349999999999 -6.53758440698486E-10
119.399999999999 -6.5375844125139E-10
119.449999999999 -6.53758441804211E-10
119.499999999999 -6.5375844235695E-10
119.549999999999 -6.53758442909605E-10
119.599999999999 -6.53758443462179E-10
119.649999999999 -6.5375844401467E-10
119.699999999999 -6.53758444567078E-10
119.749999999999 -6.53758445119403E-10
119.799999999999 -6.53758445671646E-10
119.849999999999 -6.53758446223807E-10
119.899999999999 -6.53758446775885E-10
119.949999999999 -6.5375844732788E-10
119.999999999999 -6.53758447879793E-10
120.049999999999 -6.53758448431623E-10
120.099999999999 -6.53758448983371E-10
120.149999999999 -6.53758449535036E-10
120.199999999999 -6.53758450086619E-10
120.249999999999 -6.53758450638119E-10
120.299999999999 -6.53758451189536E-10
120.349999999999 -6.53758451740871E-10
120.399999999999 -6.53758452292123E-10
120.449999999999 -6.53758452843293E-10
120.499999999999 -6.5375845339438E-10
120.549999999999 -6.53758453945384E-10
120.599999999999 -6.53758454496307E-10
120.649999999999 -6.53758455047146E-10
120.699999999999 -6.53758455597903E-10
120.749999999999 -6.53758456148577E-10
120.799999999999 -6.53758456699169E-10
120.849999999999 -6.53758457249678E-10
120.899999999999 -6.53758457800104E-10
120.949999999999 -6.53758458350449E-10
120.999999999999 -6.5375845890071E-10
121.049999999999 -6.53758459450889E-10
121.099999999999 -6.53758460000985E-10
121.149999999999 -6.53758460550999E-10
121.199999999999 -6.5375846110093E-10
121.249999999999 -6.53758461650779E-10
121.299999999999 -6.53758462200545E-10
121.349999999999 -6.53758462750228E-10
121.399999999999 -6.53758463299829E-10
121.449999999999 -6.53758463849348E-10
121.499999999999 -6.53758464398783E-10
121.549999999999 -6.53758464948137E-10
121.599999999999 -6.53758465497407E-10
121.649999999999 -6.53758466046595E-10
121.699999999999 -6.53758466595701E-10
121.749999999999 -6.53758467144724E-10
121.799999999999 -6.53758467693664E-10
121.849999999999 -6.53758468242522E-10
121.899999999999 -6.53758468791297E-10
121.949999999999 -6.5375846933999E-10
121.999999999999 -6.537584698886E-10
122.049999999999 -6.53758470437127E-10
122.099999999999 -6.53758470985572E-10
122.149999999999 -6.53758471533935E-10
122.199999999999 -6.53758472082215E-10
122.249999999999 -6.53758472630412E-10
122.299999999999 -6.53758473178526E-10
122.349999999999 -6.53758473726559E-10
122.399999999999 -6.53758474274508E-10
122.449999999999 -6.53758474822375E-10
122.499999999999 -6.5375847537016E-10
122.549999999999 -6.53758475917861E-10
122.599999999999 -6.53758476465481E-10
122.649999999999 -6.53758477013017E-10
122.699999999999 -6.53758477560472E-10
122.749999999999 -6.53758478107843E-10
122.799999999999 -6.53758478655132E-10
122.849999999999 -6.53758479202339E-10
122.899999999999 -6.53758479749463E-10
122.949999999999 -6.53758480296504E-10
122.999999999999 -6.53758480843463E-10
123.049999999999 -6.53758481390339E-10
123.099999999999 -6.53758481937132E-10
123.149999999999 -6.53758482483843E-10
123.199999999999 -6.53758483030472E-10
123.249999999999 -6.53758483577018E-10
123.299999999999 -6.53758484123481E-10
123.349999999999 -6.53758484669862E-10
123.399999999999 -6.5375848521616E-10
123.449999999999 -6.53758485762376E-10
123.499999999999 -6.53758486308509E-10
123.549999999999 -6.53758486854559E-10
123.599999999999 -6.53758487400527E-10
123.649999999999 -6.53758487946413E-10
123.699999999999 -6.53758488492215E-10
123.749999999999 -6.53758489037936E-10
123.799999999999 -6.53758489583573E-10
123.849999999999 -6.53758490129128E-10
123.899999999999 -6.53758490674601E-10
123.949999999999 -6.53758491219991E-10
123.999999999999 -6.53758491765298E-10
124.049999999999 -6.53758492310523E-10
124.099999999999 -6.53758492855665E-10
124.149999999999 -6.53758493400725E-10
124.199999999999 -6.53758493945702E-10
124.249999999999 -6.53758494490597E-10
124.299999999999 -6.53758495035409E-10
124.349999999999 -6.53758495580138E-10
124.399999999999 -6.53758496124785E-10
124.449999999999 -6.53758496669349E-10
124.499999999999 -6.53758497213831E-10
124.549999999999 -6.5375849775823E-10
124.599999999999 -6.53758498302547E-10
124.649999999999 -6.53758498846781E-10
124.699999999999 -6.53758499390932E-10
124.749999999999 -6.53758499935001E-10
124.799999999999 -6.53758500478987E-10
124.849999999999 -6.53758501022891E-10
124.899999999999 -6.53758501566712E-10
124.949999999999 -6.53758502110451E-10
124.999999999999 -6.53758502654107E-10
125.049999999999 -6.5375850319768E-10
125.099999999999 -6.53758503741171E-10
125.149999999999 -6.53758504284579E-10
125.199999999999 -6.53758504827905E-10
125.249999999999 -6.53758505371148E-10
125.299999999999 -6.53758505914309E-10
125.349999999999 -6.53758506457387E-10
125.399999999998 -6.53758507000383E-10
125.449999999998 -6.53758507543296E-10
125.499999999998 -6.53758508086126E-10
125.549999999998 -6.53758508628874E-10
125.599999999998 -6.53758509171539E-10
125.649999999998 -6.53758509714122E-10
125.699999999998 -6.53758510256622E-10
125.749999999998 -6.53758510799039E-10
125.799999999998 -6.53758511341374E-10
125.849999999998 -6.53758511883626E-10
125.899999999998 -6.53758512425796E-10
125.949999999998 -6.53758512967884E-10
125.999999999998 -6.53758513509888E-10
126.049999999998 -6.5375851405181E-10
126.099999999998 -6.5375851459365E-10
126.149999999998 -6.53758515135407E-10
126.199999999998 -6.53758515677081E-10
126.249999999998 -6.53758516218673E-10
126.299999999998 -6.53758516760182E-10
126.349999999998 -6.53758517301609E-10
126.399999999998 -6.53758517842953E-10
126.449999999998 -6.53758518384215E-10
126.499999999998 -6.53758518925394E-10
126.549999999998 -6.5375851946649E-10
126.599999999998 -6.53758520007504E-10
126.649999999998 -6.53758520548435E-10
126.699999999998 -6.53758521089284E-10
126.749999999998 -6.5375852163005E-10
126.799999999998 -6.53758522170734E-10
126.849999999998 -6.53758522711335E-10
126.899999999998 -6.53758523251853E-10
126.949999999998 -6.53758523792289E-10
126.999999999998 -6.53758524332643E-10
127.049999999998 -6.53758524872913E-10
127.099999999998 -6.53758525413102E-10
127.149999999998 -6.53758525953207E-10
127.199999999998 -6.5375852649323E-10
127.249999999998 -6.53758527033171E-10
127.299999999998 -6.53758527573028E-10
127.349999999998 -6.53758528112804E-10
127.399999999998 -6.53758528652497E-10
127.449999999998 -6.53758529192107E-10
127.499999999998 -6.53758529731634E-10
127.549999999998 -6.5375853027108E-10
127.599999999998 -6.53758530810442E-10
127.649999999998 -6.53758531349722E-10
127.699999999998 -6.5375853188892E-10
127.749999999998 -6.53758532428034E-10
127.799999999998 -6.53758532967066E-10
127.849999999998 -6.53758533506016E-10
127.899999999998 -6.53758534044883E-10
127.949999999998 -6.53758534583668E-10
127.999999999998 -6.5375853512237E-10
128.049999999998 -6.53758535660989E-10
128.099999999998 -6.53758536199526E-10
128.149999999998 -6.5375853673798E-10
128.199999999998 -6.53758537276352E-10
128.249999999998 -6.53758537814641E-10
128.299999999998 -6.53758538352848E-10
128.349999999998 -6.53758538890972E-10
128.399999999998 -6.53758539429013E-10
128.449999999998 -6.53758539966972E-10
128.499999999998 -6.53758540504848E-10
128.549999999998 -6.53758541042642E-10
128.599999999998 -6.53758541580353E-10
128.649999999998 -6.53758542117982E-10
128.699999999999 -6.53758542655528E-10
128.749999999999 -6.53758543192991E-10
128.799999999999 -6.53758543730372E-10
128.849999999999 -6.5375854426767E-10
128.899999999999 -6.53758544804886E-10
128.949999999999 -6.53758545342019E-10
128.999999999999 -6.5375854587907E-10
129.049999999999 -6.53758546416038E-10
129.099999999999 -6.53758546952923E-10
129.149999999999 -6.53758547489726E-10
129.199999999999 -6.53758548026447E-10
129.249999999999 -6.53758548563084E-10
129.299999999999 -6.5375854909964E-10
129.349999999999 -6.53758549636112E-10
129.399999999999 -6.53758550172502E-10
129.449999999999 -6.5375855070881E-10
129.499999999999 -6.53758551245035E-10
129.549999999999 -6.53758551781177E-10
129.599999999999 -6.53758552317237E-10
129.649999999999 -6.53758552853214E-10
129.699999999999 -6.53758553389109E-10
129.749999999999 -6.53758553924921E-10
129.799999999999 -6.5375855446065E-10
129.849999999999 -6.53758554996297E-10
129.899999999999 -6.53758555531862E-10
129.949999999999 -6.53758556067344E-10
129.999999999999 -6.53758556602743E-10
130.049999999999 -6.5375855713806E-10
130.099999999999 -6.53758557673294E-10
130.149999999999 -6.53758558208445E-10
130.199999999999 -6.53758558743514E-10
130.249999999999 -6.53758559278501E-10
130.299999999999 -6.53758559813405E-10
130.349999999999 -6.53758560348226E-10
130.399999999999 -6.53758560882964E-10
130.449999999999 -6.53758561417621E-10
130.499999999999 -6.53758561952194E-10
130.549999999999 -6.53758562486685E-10
130.599999999999 -6.53758563021094E-10
130.649999999999 -6.5375856355542E-10
130.699999999999 -6.53758564089663E-10
130.749999999999 -6.53758564623824E-10
130.799999999999 -6.53758565157902E-10
130.849999999999 -6.53758565691897E-10
130.899999999999 -6.5375856622581E-10
130.949999999999 -6.53758566759641E-10
130.999999999999 -6.53758567293389E-10
131.049999999999 -6.53758567827054E-10
131.099999999999 -6.53758568360637E-10
131.149999999999 -6.53758568894137E-10
131.199999999999 -6.53758569427555E-10
131.249999999999 -6.5375856996089E-10
131.299999999999 -6.53758570494142E-10
131.349999999999 -6.53758571027312E-10
131.399999999999 -6.537585715604E-10
131.449999999999 -6.53758572093404E-10
131.499999999999 -6.53758572626327E-10
131.549999999999 -6.53758573159166E-10
131.599999999999 -6.53758573691923E-10
131.649999999999 -6.53758574224598E-10
131.699999999999 -6.5375857475719E-10
131.749999999999 -6.53758575289699E-10
131.799999999999 -6.53758575822126E-10
131.849999999999 -6.5375857635447E-10
131.899999999999 -6.53758576886732E-10
131.949999999999 -6.53758577418911E-10
131.999999999999 -6.53758577951007E-10
132.049999999999 -6.53758578483021E-10
132.099999999999 -6.53758579014953E-10
132.149999999999 -6.53758579546802E-10
132.199999999999 -6.53758580078568E-10
132.249999999999 -6.53758580610252E-10
132.299999999999 -6.53758581141853E-10
132.349999999999 -6.53758581673371E-10
132.399999999999 -6.53758582204808E-10
132.449999999999 -6.53758582736161E-10
132.499999999999 -6.53758583267432E-10
132.549999999999 -6.5375858379862E-10
132.599999999999 -6.53758584329726E-10
132.649999999999 -6.53758584860749E-10
132.699999999999 -6.5375858539169E-10
132.749999999999 -6.53758585922548E-10
132.799999999999 -6.53758586453323E-10
132.849999999999 -6.53758586984016E-10
132.899999999999 -6.53758587514626E-10
132.949999999999 -6.53758588045154E-10
132.999999999999 -6.53758588575599E-10
133.049999999999 -6.53758589105962E-10
133.1 -6.53758589636242E-10
133.15 -6.53758590166439E-10
133.2 -6.53758590696554E-10
133.25 -6.53758591226587E-10
133.3 -6.53758591756536E-10
133.35 -6.53758592286404E-10
133.4 -6.53758592816188E-10
133.45 -6.5375859334589E-10
133.5 -6.5375859387551E-10
133.55 -6.53758594405047E-10
133.6 -6.53758594934501E-10
133.65 -6.53758595463873E-10
133.7 -6.53758595993162E-10
133.75 -6.53758596522369E-10
133.8 -6.53758597051493E-10
133.85 -6.53758597580534E-10
133.9 -6.53758598109493E-10
133.95 -6.5375859863837E-10
134 -6.53758599167164E-10
134.05 -6.53758599695875E-10
134.1 -6.53758600224504E-10
134.15 -6.5375860075305E-10
134.2 -6.53758601281513E-10
134.25 -6.53758601809894E-10
134.3 -6.53758602338193E-10
134.35 -6.53758602866409E-10
134.4 -6.53758603394542E-10
134.45 -6.53758603922593E-10
134.5 -6.53758604450561E-10
134.55 -6.53758604978446E-10
134.6 -6.53758605506249E-10
134.65 -6.5375860603397E-10
134.7 -6.53758606561608E-10
134.75 -6.53758607089163E-10
134.8 -6.53758607616636E-10
134.85 -6.53758608144026E-10
134.9 -6.53758608671334E-10
134.95 -6.53758609198559E-10
135 -6.53758609725701E-10
135.05 -6.53758610252761E-10
135.1 -6.53758610779738E-10
135.15 -6.53758611306633E-10
135.2 -6.53758611833445E-10
135.25 -6.53758612360175E-10
135.3 -6.53758612886822E-10
135.35 -6.53758613413386E-10
135.4 -6.53758613939868E-10
135.45 -6.53758614466268E-10
135.5 -6.53758614992585E-10
135.55 -6.53758615518819E-10
135.6 -6.53758616044971E-10
135.65 -6.5375861657104E-10
135.7 -6.53758617097026E-10
135.75 -6.5375861762293E-10
135.8 -6.53758618148751E-10
135.85 -6.5375861867449E-10
135.9 -6.53758619200147E-10
135.95 -6.5375861972572E-10
136 -6.53758620251211E-10
136.05 -6.5375862077662E-10
136.1 -6.53758621301946E-10
136.15 -6.53758621827189E-10
136.2 -6.5375862235235E-10
136.25 -6.53758622877428E-10
136.3 -6.53758623402424E-10
136.35 -6.53758623927337E-10
136.4 -6.53758624452168E-10
136.45 -6.53758624976916E-10
136.5 -6.53758625501581E-10
136.55 -6.53758626026164E-10
136.6 -6.53758626550664E-10
136.65 -6.53758627075082E-10
136.7 -6.53758627599417E-10
136.75 -6.5375862812367E-10
136.8 -6.5375862864784E-10
136.85 -6.53758629171927E-10
136.9 -6.53758629695932E-10
136.95 -6.53758630219855E-10
137 -6.53758630743694E-10
137.05 -6.53758631267452E-10
137.1 -6.53758631791126E-10
137.15 -6.53758632314718E-10
137.2 -6.53758632838228E-10
137.25 -6.53758633361655E-10
137.3 -6.53758633884999E-10
137.35 -6.53758634408261E-10
137.4 -6.5375863493144E-10
137.450000000001 -6.53758635454537E-10
137.500000000001 -6.53758635977551E-10
137.550000000001 -6.53758636500482E-10
137.600000000001 -6.53758637023331E-10
137.650000000001 -6.53758637546098E-10
137.700000000001 -6.53758638068781E-10
137.750000000001 -6.53758638591383E-10
137.800000000001 -6.53758639113901E-10
137.850000000001 -6.53758639636337E-10
137.900000000001 -6.53758640158691E-10
137.950000000001 -6.53758640680962E-10
138.000000000001 -6.5375864120315E-10
138.050000000001 -6.53758641725256E-10
138.100000000001 -6.53758642247279E-10
138.150000000001 -6.5375864276922E-10
138.200000000001 -6.53758643291078E-10
138.250000000001 -6.53758643812854E-10
138.300000000001 -6.53758644334547E-10
138.350000000001 -6.53758644856157E-10
138.400000000001 -6.53758645377685E-10
138.450000000001 -6.5375864589913E-10
138.500000000001 -6.53758646420493E-10
138.550000000001 -6.53758646941773E-10
138.600000000001 -6.53758647462971E-10
138.650000000001 -6.53758647984086E-10
138.700000000001 -6.53758648505118E-10
138.750000000001 -6.53758649026068E-10
138.800000000001 -6.53758649546936E-10
138.850000000001 -6.5375865006772E-10
138.900000000001 -6.53758650588423E-10
138.950000000001 -6.53758651109042E-10
139.000000000001 -6.53758651629579E-10
139.050000000001 -6.53758652150034E-10
139.100000000001 -6.53758652670406E-10
139.150000000001 -6.53758653190695E-10
139.200000000001 -6.53758653710902E-10
139.250000000001 -6.53758654231026E-10
139.300000000001 -6.53758654751068E-10
139.350000000001 -6.53758655271027E-10
139.400000000001 -6.53758655790903E-10
139.450000000001 -6.53758656310697E-10
139.500000000001 -6.53758656830408E-10
139.550000000001 -6.53758657350037E-10
139.600000000001 -6.53758657869584E-10
139.650000000001 -6.53758658389047E-10
139.700000000001 -6.53758658908428E-10
139.750000000001 -6.53758659427727E-10
139.800000000001 -6.53758659946943E-10
139.850000000001 -6.53758660466076E-10
139.900000000001 -6.53758660985127E-10
139.950000000001 -6.53758661504095E-10
140.000000000001 -6.53758662022981E-10
140.050000000001 -6.53758662541784E-10
140.100000000001 -6.53758663060505E-10
140.150000000001 -6.53758663579143E-10
140.200000000001 -6.53758664097698E-10
140.250000000001 -6.53758664616171E-10
140.300000000001 -6.53758665134561E-10
140.350000000001 -6.53758665652869E-10
140.400000000001 -6.53758666171094E-10
140.450000000001 -6.53758666689237E-10
140.500000000001 -6.53758667207297E-10
140.550000000001 -6.53758667725274E-10
140.600000000001 -6.53758668243169E-10
140.650000000001 -6.53758668760981E-10
140.700000000001 -6.53758669278711E-10
140.750000000001 -6.53758669796358E-10
140.800000000001 -6.53758670313923E-10
140.850000000001 -6.53758670831405E-10
140.900000000001 -6.53758671348804E-10
140.950000000001 -6.53758671866121E-10
141.000000000001 -6.53758672383355E-10
141.050000000001 -6.53758672900507E-10
141.100000000001 -6.53758673417576E-10
141.150000000001 -6.53758673934563E-10
141.200000000001 -6.53758674451467E-10
141.250000000001 -6.53758674968289E-10
141.300000000001 -6.53758675485028E-10
141.350000000001 -6.53758676001684E-10
141.400000000001 -6.53758676518258E-10
141.450000000001 -6.53758677034749E-10
141.500000000001 -6.53758677551157E-10
141.550000000001 -6.53758678067484E-10
141.600000000001 -6.53758678583727E-10
141.650000000001 -6.53758679099888E-10
141.700000000001 -6.53758679615966E-10
141.750000000001 -6.53758680131962E-10
141.800000000001 -6.53758680647876E-10
141.850000000002 -6.53758681163706E-10
141.900000000002 -6.53758681679454E-10
141.950000000002 -6.5375868219512E-10
142.000000000002 -6.53758682710703E-10
142.050000000002 -6.53758683226203E-10
142.100000000002 -6.53758683741621E-10
142.150000000002 -6.53758684256956E-10
142.200000000002 -6.53758684772209E-10
142.250000000002 -6.53758685287379E-10
142.300000000002 -6.53758685802467E-10
142.350000000002 -6.53758686317472E-10
142.400000000002 -6.53758686832394E-10
142.450000000002 -6.53758687347234E-10
142.500000000002 -6.53758687861991E-10
142.550000000002 -6.53758688376666E-10
142.600000000002 -6.53758688891258E-10
142.650000000002 -6.53758689405768E-10
142.700000000002 -6.53758689920195E-10
142.750000000002 -6.53758690434539E-10
142.800000000002 -6.53758690948801E-10
142.850000000002 -6.5375869146298E-10
142.900000000002 -6.53758691977077E-10
142.950000000002 -6.53758692491092E-10
143.000000000002 -6.53758693005023E-10
143.050000000002 -6.53758693518872E-10
143.100000000002 -6.53758694032639E-10
143.150000000002 -6.53758694546322E-10
143.200000000002 -6.53758695059924E-10
143.250000000002 -6.53758695573443E-10
143.300000000002 -6.53758696086879E-10
143.350000000002 -6.53758696600232E-10
143.400000000002 -6.53758697113504E-10
143.450000000002 -6.53758697626692E-10
143.500000000002 -6.53758698139798E-10
143.550000000002 -6.53758698652821E-10
143.600000000002 -6.53758699165762E-10
143.650000000002 -6.5375869967862E-10
143.700000000002 -6.53758700191396E-10
143.750000000002 -6.53758700704089E-10
143.800000000002 -6.537587012167E-10
143.850000000002 -6.53758701729228E-10
143.900000000002 -6.53758702241673E-10
143.950000000002 -6.53758702754036E-10
144.000000000002 -6.53758703266316E-10
144.050000000002 -6.53758703778514E-10
144.100000000002 -6.53758704290629E-10
144.150000000002 -6.53758704802662E-10
144.200000000002 -6.53758705314611E-10
144.250000000002 -6.53758705826479E-10
144.300000000002 -6.53758706338264E-10
144.350000000002 -6.53758706849966E-10
144.400000000002 -6.53758707361586E-10
144.450000000002 -6.53758707873123E-10
144.500000000002 -6.53758708384577E-10
144.550000000002 -6.53758708895949E-10
144.600000000002 -6.53758709407239E-10
144.650000000002 -6.53758709918446E-10
144.700000000002 -6.5375871042957E-10
144.750000000002 -6.53758710940612E-10
144.800000000002 -6.53758711451571E-10
144.850000000002 -6.53758711962448E-10
144.900000000002 -6.53758712473242E-10
144.950000000002 -6.53758712983953E-10
145.000000000002 -6.53758713494582E-10
145.050000000002 -6.53758714005128E-10
145.100000000002 -6.53758714515592E-10
145.150000000002 -6.53758715025973E-10
145.200000000002 -6.53758715536272E-10
145.250000000002 -6.53758716046488E-10
145.300000000002 -6.53758716556621E-10
145.350000000002 -6.53758717066672E-10
145.400000000002 -6.53758717576641E-10
145.450000000002 -6.53758718086527E-10
145.500000000002 -6.5375871859633E-10
145.550000000002 -6.53758719106051E-10
145.600000000002 -6.53758719615688E-10
145.650000000002 -6.53758720125244E-10
145.700000000002 -6.53758720634717E-10
145.750000000002 -6.53758721144107E-10
145.800000000002 -6.53758721653415E-10
145.850000000002 -6.5375872216264E-10
145.900000000002 -6.53758722671783E-10
145.950000000002 -6.53758723180843E-10
146.000000000002 -6.53758723689821E-10
146.050000000002 -6.53758724198716E-10
146.100000000002 -6.53758724707528E-10
146.150000000002 -6.53758725216258E-10
146.200000000002 -6.53758725724905E-10
146.250000000003 -6.5375872623347E-10
146.300000000003 -6.53758726741952E-10
146.350000000003 -6.53758727250352E-10
146.400000000003 -6.53758727758669E-10
146.450000000003 -6.53758728266903E-10
146.500000000003 -6.53758728775055E-10
146.550000000003 -6.53758729283124E-10
146.600000000003 -6.53758729791111E-10
146.650000000003 -6.53758730299015E-10
146.700000000003 -6.53758730806837E-10
146.750000000003 -6.53758731314576E-10
146.800000000003 -6.53758731822232E-10
146.850000000003 -6.53758732329806E-10
146.900000000003 -6.53758732837297E-10
146.950000000003 -6.53758733344706E-10
147.000000000003 -6.53758733852032E-10
147.050000000003 -6.53758734359276E-10
147.100000000003 -6.53758734866437E-10
147.150000000003 -6.53758735373515E-10
147.200000000003 -6.53758735880511E-10
147.250000000003 -6.53758736387425E-10
147.300000000003 -6.53758736894256E-10
147.350000000003 -6.53758737401004E-10
147.400000000003 -6.53758737907669E-10
147.450000000003 -6.53758738414252E-10
147.500000000003 -6.53758738920753E-10
147.550000000003 -6.53758739427171E-10
147.600000000003 -6.53758739933506E-10
147.650000000003 -6.53758740439759E-10
147.700000000003 -6.53758740945929E-10
147.750000000003 -6.53758741452017E-10
147.800000000003 -6.53758741958022E-10
147.850000000003 -6.53758742463944E-10
147.900000000003 -6.53758742969784E-10
147.950000000003 -6.53758743475542E-10
148.000000000003 -6.53758743981217E-10
148.050000000003 -6.53758744486809E-10
148.100000000003 -6.53758744992319E-10
148.150000000003 -6.53758745497746E-10
148.200000000003 -6.5375874600309E-10
148.250000000003 -6.53758746508352E-10
148.300000000003 -6.53758747013532E-10
148.350000000003 -6.53758747518628E-10
148.400000000003 -6.53758748023643E-10
148.450000000003 -6.53758748528575E-10
148.500000000003 -6.53758749033424E-10
148.550000000003 -6.5375874953819E-10
148.600000000003 -6.53758750042874E-10
148.650000000003 -6.53758750547476E-10
148.700000000003 -6.53758751051995E-10
148.750000000003 -6.53758751556431E-10
148.800000000003 -6.53758752060785E-10
148.850000000003 -6.53758752565056E-10
148.900000000003 -6.53758753069244E-10
148.950000000003 -6.5375875357335E-10
149.000000000003 -6.53758754077374E-10
149.050000000003 -6.53758754581315E-10
149.100000000003 -6.53758755085173E-10
149.150000000003 -6.53758755588949E-10
149.200000000003 -6.53758756092642E-10
149.250000000003 -6.53758756596253E-10
149.300000000003 -6.53758757099781E-10
149.350000000003 -6.53758757603226E-10
149.400000000003 -6.53758758106589E-10
149.450000000003 -6.5375875860987E-10
149.500000000003 -6.53758759113067E-10
149.550000000003 -6.53758759616183E-10
149.600000000003 -6.53758760119215E-10
149.650000000003 -6.53758760622165E-10
149.700000000003 -6.53758761125033E-10
149.750000000003 -6.53758761627818E-10
149.800000000003 -6.5375876213052E-10
149.850000000003 -6.5375876263314E-10
149.900000000003 -6.53758763135677E-10
149.950000000003 -6.53758763638132E-10
150.000000000003 -6.53758764140504E-10
150.050000000003 -6.53758764642794E-10
150.100000000003 -6.53758765145001E-10
150.150000000003 -6.53758765647125E-10
150.200000000003 -6.53758766149167E-10
150.250000000003 -6.53758766651126E-10
150.300000000003 -6.53758767153003E-10
150.350000000003 -6.53758767654797E-10
150.400000000003 -6.53758768156508E-10
150.450000000003 -6.53758768658137E-10
150.500000000003 -6.53758769159684E-10
150.550000000003 -6.53758769661148E-10
150.600000000003 -6.53758770162529E-10
150.650000000004 -6.53758770663828E-10
150.700000000004 -6.53758771165044E-10
150.750000000004 -6.53758771666177E-10
150.800000000004 -6.53758772167228E-10
150.850000000004 -6.53758772668197E-10
150.900000000004 -6.53758773169083E-10
150.950000000004 -6.53758773669886E-10
151.000000000004 -6.53758774170607E-10
151.050000000004 -6.53758774671245E-10
151.100000000004 -6.53758775171801E-10
151.150000000004 -6.53758775672274E-10
151.200000000004 -6.53758776172664E-10
151.250000000004 -6.53758776672972E-10
151.300000000004 -6.53758777173197E-10
151.350000000004 -6.5375877767334E-10
151.400000000004 -6.537587781734E-10
151.450000000004 -6.53758778673378E-10
151.500000000004 -6.53758779173273E-10
151.550000000004 -6.53758779673086E-10
151.600000000004 -6.53758780172816E-10
151.650000000004 -6.53758780672463E-10
151.700000000004 -6.53758781172028E-10
151.750000000004 -6.5375878167151E-10
151.800000000004 -6.5375878217091E-10
151.850000000004 -6.53758782670227E-10
151.900000000004 -6.53758783169461E-10
151.950000000004 -6.53758783668613E-10
152.000000000004 -6.53758784167682E-10
152.050000000004 -6.53758784666669E-10
152.100000000004 -6.53758785165574E-10
152.150000000004 -6.53758785664395E-10
152.200000000004 -6.53758786163134E-10
152.250000000004 -6.53758786661791E-10
152.300000000004 -6.53758787160365E-10
152.350000000004 -6.53758787658856E-10
152.400000000004 -6.53758788157265E-10
152.450000000004 -6.53758788655592E-10
152.500000000004 -6.53758789153835E-10
152.550000000004 -6.53758789651996E-10
152.600000000004 -6.53758790150075E-10
152.650000000004 -6.53758790648071E-10
152.700000000004 -6.53758791145984E-10
152.750000000004 -6.53758791643815E-10
152.800000000004 -6.53758792141563E-10
152.850000000004 -6.53758792639229E-10
152.900000000004 -6.53758793136812E-10
152.950000000004 -6.53758793634313E-10
153.000000000004 -6.53758794131731E-10
153.050000000004 -6.53758794629067E-10
153.100000000004 -6.53758795126319E-10
153.150000000004 -6.5375879562349E-10
153.200000000004 -6.53758796120577E-10
153.250000000004 -6.53758796617583E-10
153.300000000004 -6.53758797114505E-10
153.350000000004 -6.53758797611345E-10
153.400000000004 -6.53758798108103E-10
153.450000000004 -6.53758798604778E-10
153.500000000004 -6.5375879910137E-10
153.550000000004 -6.5375879959788E-10
153.600000000004 -6.53758800094307E-10
153.650000000004 -6.53758800590652E-10
153.700000000004 -6.53758801086914E-10
153.750000000004 -6.53758801583093E-10
153.800000000004 -6.5375880207919E-10
153.850000000004 -6.53758802575205E-10
153.900000000004 -6.53758803071136E-10
153.950000000004 -6.53758803566986E-10
154.000000000004 -6.53758804062752E-10
154.050000000004 -6.53758804558436E-10
154.100000000004 -6.53758805054038E-10
154.150000000004 -6.53758805549557E-10
154.200000000004 -6.53758806044993E-10
154.250000000004 -6.53758806540347E-10
154.300000000004 -6.53758807035618E-10
154.350000000004 -6.53758807530807E-10
154.400000000004 -6.53758808025913E-10
154.450000000004 -6.53758808520937E-10
154.500000000004 -6.53758809015878E-10
154.550000000004 -6.53758809510736E-10
154.600000000004 -6.53758810005512E-10
154.650000000004 -6.53758810500205E-10
154.700000000004 -6.53758810994816E-10
154.750000000004 -6.53758811489344E-10
154.800000000004 -6.5375881198379E-10
154.850000000004 -6.53758812478153E-10
154.900000000004 -6.53758812972433E-10
154.950000000004 -6.53758813466631E-10
155.000000000004 -6.53758813960747E-10
155.050000000005 -6.53758814454779E-10
155.100000000005 -6.53758814948729E-10
155.150000000005 -6.53758815442597E-10
155.200000000005 -6.53758815936382E-10
155.250000000005 -6.53758816430085E-10
155.300000000005 -6.53758816923704E-10
155.350000000005 -6.53758817417242E-10
155.400000000005 -6.53758817910696E-10
155.450000000005 -6.53758818404069E-10
155.500000000005 -6.53758818897358E-10
155.550000000005 -6.53758819390565E-10
155.600000000005 -6.5375881988369E-10
155.650000000005 -6.53758820376732E-10
155.700000000005 -6.53758820869691E-10
155.750000000005 -6.53758821362568E-10
155.800000000005 -6.53758821855362E-10
155.850000000005 -6.53758822348074E-10
155.900000000005 -6.53758822840703E-10
155.950000000005 -6.5375882333325E-10
156.000000000005 -6.53758823825713E-10
156.050000000005 -6.53758824318095E-10
156.100000000005 -6.53758824810394E-10
156.150000000005 -6.5375882530261E-10
156.200000000005 -6.53758825794744E-10
156.250000000005 -6.53758826286795E-10
156.300000000005 -6.53758826778763E-10
156.350000000005 -6.53758827270649E-10
156.400000000005 -6.53758827762453E-10
156.450000000005 -6.53758828254173E-10
156.500000000005 -6.53758828745812E-10
156.550000000005 -6.53758829237367E-10
156.600000000005 -6.5375882972884E-10
156.650000000005 -6.53758830220231E-10
156.700000000005 -6.53758830711539E-10
156.750000000005 -6.53758831202764E-10
156.800000000005 -6.53758831693907E-10
156.850000000005 -6.53758832184968E-10
156.900000000005 -6.53758832675945E-10
156.950000000005 -6.5375883316684E-10
157.000000000005 -6.53758833657653E-10
157.050000000005 -6.53758834148383E-10
157.100000000005 -6.53758834639031E-10
157.150000000005 -6.53758835129595E-10
157.200000000005 -6.53758835620078E-10
157.250000000005 -6.53758836110478E-10
157.300000000005 -6.53758836600795E-10
157.350000000005 -6.53758837091029E-10
157.400000000005 -6.53758837581181E-10
157.450000000005 -6.53758838071251E-10
157.500000000005 -6.53758838561238E-10
157.550000000005 -6.53758839051142E-10
157.600000000005 -6.53758839540964E-10
157.650000000005 -6.53758840030703E-10
157.700000000005 -6.5375884052036E-10
157.750000000005 -6.53758841009934E-10
157.800000000005 -6.53758841499425E-10
157.850000000005 -6.53758841988834E-10
157.900000000005 -6.53758842478161E-10
157.950000000005 -6.53758842967404E-10
158.000000000005 -6.53758843456566E-10
158.050000000005 -6.53758843945644E-10
158.100000000005 -6.5375884443464E-10
158.150000000005 -6.53758844923554E-10
158.200000000005 -6.53758845412385E-10
158.250000000005 -6.53758845901133E-10
158.300000000005 -6.53758846389799E-10
158.350000000005 -6.53758846878382E-10
158.400000000005 -6.53758847366883E-10
158.450000000005 -6.53758847855301E-10
158.500000000005 -6.53758848343637E-10
158.550000000005 -6.5375884883189E-10
158.600000000005 -6.5375884932006E-10
158.650000000005 -6.53758849808148E-10
158.700000000005 -6.53758850296153E-10
158.750000000005 -6.53758850784076E-10
158.800000000005 -6.53758851271916E-10
158.850000000005 -6.53758851759674E-10
158.900000000005 -6.53758852247349E-10
158.950000000005 -6.53758852734941E-10
159.000000000005 -6.53758853222451E-10
159.050000000005 -6.53758853709878E-10
159.100000000005 -6.53758854197223E-10
159.150000000005 -6.53758854684485E-10
159.200000000005 -6.53758855171665E-10
159.250000000005 -6.53758855658762E-10
159.300000000005 -6.53758856145776E-10
159.350000000005 -6.53758856632708E-10
159.400000000005 -6.53758857119557E-10
159.450000000006 -6.53758857606324E-10
159.500000000006 -6.53758858093008E-10
159.550000000006 -6.5375885857961E-10
159.600000000006 -6.53758859066129E-10
159.650000000006 -6.53758859552566E-10
159.700000000006 -6.53758860038919E-10
159.750000000006 -6.53758860525191E-10
159.800000000006 -6.5375886101138E-10
159.850000000006 -6.53758861497486E-10
159.900000000006 -6.53758861983509E-10
159.950000000006 -6.53758862469451E-10
160.000000000006 -6.53758862955309E-10
160.050000000006 -6.53758863441085E-10
160.100000000006 -6.53758863926778E-10
160.150000000006 -6.53758864412389E-10
160.200000000006 -6.53758864897917E-10
160.250000000006 -6.53758865383363E-10
160.300000000006 -6.53758865868726E-10
160.350000000006 -6.53758866354007E-10
160.400000000006 -6.53758866839205E-10
160.450000000006 -6.5375886732432E-10
160.500000000006 -6.53758867809353E-10
160.550000000006 -6.53758868294303E-10
160.600000000006 -6.53758868779171E-10
160.650000000006 -6.53758869263956E-10
160.700000000006 -6.53758869748659E-10
160.750000000006 -6.53758870233279E-10
160.800000000006 -6.53758870717816E-10
160.850000000006 -6.53758871202271E-10
160.900000000006 -6.53758871686643E-10
160.950000000006 -6.53758872170933E-10
