0 1 1
0.01 1.00984 0.967882
0.0211649270025298 1.02044544337737 0.931755563811964
0.033135081100809 1.03136602927767 0.892726519693856
0.0456490029985064 1.04228129412141 0.851614465805783
0.0585277053793948 1.0529755477217 0.808994048924802
0.0716526520869409 1.06330753040047 0.76525786744385
0.0849465968515608 1.07318542603487 0.720672768737058
0.0983593668818734 1.08254907612249 0.675422394620726
0.111858090569236 1.09135822325536 0.629636863938641
0.12542075450489 1.09958506830445 0.583412591847493
0.139032059343136 1.10720968993045 0.536825173648438
0.152680797268847 1.11421728573011 0.48993760365876
0.16635821372864 1.12059654320976 0.442805430425877
0.180056998097947 1.12633869861588 0.395479925009183
0.19377067389995 1.1314370073354 0.34800996815588
0.207493242323342 1.13588645513808 0.300443113292431
0.221218986204745 1.13968360535889 0.252826120122047
0.234942375417708 1.14282651776545 0.205205149902721
0.24865803576517 1.14531469994408 0.157625747820096
0.262360756673916 1.147149067655 0.110132696426009
0.276045521259094 1.14833190049761 0.0627697977679598
0.289707547584344 1.14886678563968 0.015579624710549
0.303342333388275 1.1487585466209 -0.0313967296549475
0.31694569891462 1.14801315710171 -0.078119883964297
0.330513824206045 1.1466376413263 -0.124552367758813
0.344043278545954 1.14463996425445 -0.170658778938445
0.357531040788194 1.14202891494909 -0.216405894851307
0.370974510163647 1.13881398700007 -0.261762735953835
0.384371507822624 1.13500525961848 -0.306700583845446
0.39772026987551 1.13061328264241 -0.351192957656732
0.411019433041664 1.1256489681405 -0.395215554269828
0.424268014221858 1.12012349066387 -0.438746158721023
0.43746538539117 1.11404819754617 -0.48176453145638
0.450611245190123 1.107434530038 -0.524252278981275
0.463705588496682 1.10029395552202 -0.566192713975592
0.476748675115115 1.09263791060916 -0.607570710248347
0.489740998541813 1.08447775457301 -0.648372557079465
0.502683255581712 1.07582473233541 -0.688585816626256
0.515576317406243 1.06668994606266 -0.728199187222829
0.528421202475066 1.05708433435483 -0.767202374617731
0.541219051595325 1.04701865799467 -0.805585972506322
0.553971105267039 1.03650349125323 -0.843341353133405
0.566678683361987 1.02554921781171 -0.880460568270459
0.579343167104992 1.01416603044192 -0.916936260505168
0.591965983268537 1.00236393368161 -0.952761584508189
0.604548590451438 0.99015274883773 -0.987930137750478
0.617092467286728 0.977542120745955 -1.02243590002001
0.629599102410134 0.964541525804417 -1.05627318101635
0.642069986015784 0.951160280881288 -1.08943657527258
0.654506602827849 0.937407552769077 -1.12192092365685
0.666910426323543 0.92329236792224 -1.15372128072994
0.679282914052926 0.908823622269634 -1.18483288727507
0.691625503912762 0.894010090939776 -1.21525114736501
0.703939611244519 0.878860437775747 -1.24497160938502
0.71622662663963 0.863383224548562 -1.27398995048551
0.728487914347919 0.847586919803992 -1.30230196399311
0.740724811197257 0.831479907298848 -1.32990354936096
0.752938625943872 0.815070493999486 -1.35679070428831
0.76513063898315 0.798366917628519 -1.38295951868478
0.777302102360177 0.781377353755868 -1.40840617019564
0.789454240027737 0.76410992243814 -1.43312692104195
0.801588248306964 0.746572694416095 -1.45711811596188
0.813705296512444 0.728773696884247 -1.48037618106929
0.825806527709358 0.710720918849611 -1.50289762347104
0.837893059575281 0.692422316098607 -1.52467903150723
0.849965985343604 0.673885815792379 -1.54571707549816
0.862026374809317 0.655119320711382 -1.56600850889868
0.874075275381127 0.636130713170304 -1.58555016977558
0.886113713166635 0.616927858624206 -1.60433898253631
0.89814269407967 0.597518608986367 -1.62237195984813
0.910163204960898 0.57791080567776 -1.63964620469643
0.922176214704513 0.558112282427346 -1.65615891253894
0.934182675385282 0.53813086784167 -1.67190737351935
0.946183523381415 0.517974387761381 -1.68688897471004
0.958179680489777 0.497650667421518 -1.70110120235838
0.970172055030811 0.477167533431573 -1.71454164411564
0.982161542941269 0.456532815590585 -1.72720799123109
0.994149028853424 0.435754348551719 -1.73909804069704
1.00613538715998 0.414839973350126 -1.75020969733333
1.01812148306423 0.393797538807162 -1.76054097580205
1.03010817361548 0.372634902823466 -1.7700900025452
1.04209630872983 0.351359933572796 -1.7788550176398
1.05408673219681 0.329980510608038 -1.78683437656643
1.06608028267246 0.308504525890308 -1.79402655188828
1.07807779465951 0.286939884751672 -1.80043013483918
1.09008009947555 0.265294506801661 -1.80604383681994
1.10208802621001 0.243576326787409 -1.81086649080323
1.11410240267088 0.221793295417013 -1.81489705264802
1.12612405632205 0.1999533801555 -1.81813460232554
1.13815381521232 0.178064566002578 -1.82057834505931
1.15019250889666 0.156134856261294 -1.82222761238247
1.16224096935094 0.134172273306574 -1.82308186311662
1.17430003188042 0.112184859362639 -1.82314068427682
1.18637053602295 0.0901806772982762 -1.8224037919084
1.19845332644735 0.0681678114490007 -1.82087103186204
1.21054925384705 0.0461543684752316 -1.81854238051436
1.2226591758296 0.0241484782657492 -1.81541794544248
1.23478395780158 0.00215829489585965 -1.81149796606198
1.24692447384897 -0.0198080023500932 -1.80678281423896
1.25908160761213 -0.0417422078819833 -1.80127299488831
1.27125625315474 -0.0636360886227615 -1.79496914657197
1.28344931582517 -0.085481382732442 -1.78787204211266
1.29566171310876 -0.1072697982264 -1.77998258924064
1.30789437546861 -0.128993011476797 -1.77130183129334
1.32014824717213 -0.150642665585556 -1.76183094799044
1.33242428709979 -0.172210368616933 -1.75157125630994
1.34472346953184 -0.193687691677269 -1.74052421149399
1.35704678490768 -0.215066166829182 -1.72869140821753
1.36939524055179 -0.236337284826974 -1.71607458195684
1.38176986135861 -0.257492492659771 -1.70267561060025
1.3941716904278 -0.278523190888524 -1.68849651634904
1.40660178963923 -0.299420730762844 -1.673539467963
1.41906124015574 -0.32017641110348 -1.65780678341233
1.43155114283929 -0.340781474936317 -1.6413009330061
1.44407261856399 -0.361227105863991 -1.62402454307664
1.45662680840655 -0.381504424161705 -1.60598040031013
1.46921487369195 -0.401604482584658 -1.58717145682532
1.48183799586829 -0.421518261875733 -1.567600836116
1.49449737618106 -0.441236665963863 -1.54727183998764
1.50719423511248 -0.460750516845894 -1.5261879566357
1.51992981154652 -0.480050549148028 -1.50435287003156
1.53270536161456 -0.499127404367143 -1.48177047080284
1.54552215717038 -0.517971624797768 -1.45844486881769
1.558381483836 -0.536573647157423 -1.43438040770721
1.57128463855236 -0.554923795931841 -1.4095816815875
1.58423292656026 -0.573012276472464 -1.38405355427129
1.5972276577279 -0.590829167892196 -1.35780118128966
1.61027014213169 -0.608364415821975 -1.33083003507596
1.62336168478684 -0.625607825110966 -1.30314593369591
1.63650357941375 -0.642549052577685 -1.27475507353893
1.64969710111611 -0.659177599948697 -1.24566406641484
1.66294349783677 -0.675482807156495 -1.21587998152455
1.6762439804491 -0.691453846209413 -1.18541039279083
1.68959971133502 -0.707079715894534 -1.15426343204206
1.70301179129789 -0.722349237630186 -1.1224478485333
1.71648124466003 -0.737251052848007 -1.08997307525963
1.73000900240238 -0.751773622355658 -1.05684930245901
1.74359588322089 -0.765905228209639 -1.02308755860846
1.75724257240188 -0.779633978711847 -0.988699799077525
1.77094959846077 -0.792947817231328 -0.953699002406837
1.78471730754819 -0.805834535640295 -0.918099273915526
1.79854583570758 -0.818281793235609 -0.881915955997679
1.81243507917247 -0.830277142086059 -0.845165744035557
1.82638466302173 -0.841808059792108 -0.807866806328446
1.8403939086691 -0.852861990656052 -0.770038905809735
1.85446180084735 -0.863426396222011 -0.731703520607751
1.86858695495473 -0.873488816040339 -0.692883959716945
1.8827675858536 -0.883036939322492 -0.653605469219431
1.89700147943568 -0.892058687863826 -0.613895323685505
1.91128596847647 -0.900542310210456 -0.573782896659237
1.92561791447054 -0.908476486526555 -0.533299703595116
1.93999369723853 -0.915850442985446 -0.492479410363829
1.9544092140969 -0.922654073781835 -0.451357800606207
1.96885989025074 -0.928878068081518 -0.409972695893642
1.98334070178452 -0.93451403844648 -0.368363823933508
1.99784621217348 -0.9395546465722 -0.326572631973145
2.01237062262408 -0.943993721636821 -0.284642045069114
2.02690783580432 -0.947826366276846 -0.242616171877209
2.0414515316946 -0.951049045247579 -0.200539963871394
2.05599525345045 -0.953659652248488 -0.158458837128096
2.07053250040556 -0.955657551203546 -0.116418268682256
2.08505682474577 -0.957043589445783 -0.0744633816402393
2.09956192802705 -0.9578200816762 -0.0326385344431364
2.11404175364275 -0.957990765122521 0.00901307026238917
2.12849057158289 -0.957560727863125 0.0504497428057148
2.14290305234562 -0.956536313655957 0.0916316175719596
2.15727432759954 -0.954925007693895 0.132520908836075
2.17160003607199 -0.952735308410501 0.173082105710428
2.18587635405704 -0.949976590747755 0.213282104192155
2.20010001080893 -0.946658966185818 0.25309027770196
2.21426828983727 -0.942793144382723 0.292478490411037
2.22837901770007 -0.938390300566188 0.331421059874696
2.24243054227747 -0.933461951960299 0.369894676951089
2.25642170270375 -0.928019845613372 0.407878291696314
2.27035179315928 -0.922075859102956 0.445352973980659
2.28422052261126 -0.915641914791671 0.482301757097507
2.29802797237999 -0.908729907633024 0.518709471787865
2.31177455313512 -0.901351645997396 0.554562577027815
2.32546096262721 -0.893518804606157 0.589848992753218
2.33908814516089 -0.885242888414372 0.624557938529
2.35265725353699 -0.876535206150684 0.658679781083241
2.36616961394395 -0.867406852183874 0.692205892665679
2.37962669407018 -0.85786869541617 0.725128521379451
2.39303007454111 -0.847931373982635 0.757440673979382
2.40638142365443 -0.837605294645617 0.789136011122642
2.41968247529171 -0.826900635898885 0.820208754683285
2.43293500981922 -0.815827353926635 0.850653606481951
2.44614083774935 -0.804395190690205 0.880465677615707
2.45930178591226 -0.792613683534891 0.909640427481094
2.47241968588049 -0.780492175817652 0.938173611548389
2.48549636439272 -0.768039828152374 0.966061236951612
2.49853363553425 -0.75526562995223 0.993299524994357
2.51153329444751 -0.742178411019206 1.01988487972611
2.52449711236498 -0.728786852989826 1.04581386180945
2.53742683277643 -0.715099500494745 1.07108316696965
2.55032416856291 -0.701124771929503 1.09568960839046
2.56319079994922 -0.686870969765549 1.11963010249032
2.57602837314484 -0.672346290355906 1.14290165758009
2.5888384995606 -0.657558833209632 1.16550136496524
2.6016227555033 -0.642516609724506 1.18742639211209
2.61438268226474 -0.627227551378958 1.20867397754827
2.62711978653349 -0.611699517392916 1.2292414272134
2.63983554106882 -0.595940301873502 1.24912611201535
2.65253138558528 -0.579957640465927 1.26832546638314
2.66520872780491 -0.563759216532893 1.28683698763782
2.67786894464082 -0.547352666887597 1.30465823602924
2.69051338348209 -0.530745587106452 1.32178683530968
2.70314336355493 -0.513945536447881 1.33822047373503
2.71576017733974 -0.496960042403441 1.35395690540091
2.72836509202714 -0.479796604906978 1.36899395183614
2.74095935099931 -0.462462700226791 1.38332950378778
2.75354417532583 -0.444965784564869 1.39696152314302
2.76612076526508 -0.427313297386275 1.40988804494189
2.77869030176464 -0.409512664500684 1.42210717944259
2.79125394795519 -0.391571300917042 1.43361711420769
2.80381285063423 -0.373496613491278 1.44441611618497
2.81636814173658 -0.355296003385951 1.45450253376147
2.82892093978989 -0.336976868359823 1.46387479877308
2.841472351354 -0.318546604904387 1.4725314284558
2.85402347244349 -0.300012610243585 1.48047102732719
2.86657538993344 -0.281382284212183 1.48769228898956
2.87912918294879 -0.262663031027551 1.49419399784805
2.89168592423788 -0.243862260969034 1.49997503073905
2.90424668153112 -0.224987391978487 1.50503435846567
2.91681251888594 -0.206045851195127 1.50937104723867
2.92938449801913 -0.187045076437443 1.51298426002225
2.94196367962797 -0.167992517644537 1.51587325778557
2.95455112470147 -0.148895638289072 1.51803740066169
2.96714789582301 -0.129761916773751 1.51947614901676
2.97975505846577 -0.11059884782315 1.52018906443342
2.99237368228209 -0.0914139438826655 1.52017581061312
3.00500484238785 -0.0722147365363289 1.51943615420341
3.01764962064286 -0.053008777955312 1.51796996555723
3.03030910692799 -0.0338036423890667 1.51577721943236
3.04298440041949 -0.0146069277112381 1.51285799564077
3.05567661086072 0.00457374296727094 1.50921247965874
3.0683868598311 0.023730719605393 1.50484096321053
3.08111628201172 0.0428563234460993 1.49974384484013
3.0938660264465 0.0619428451242406 1.49392163048768
3.10663725779721 0.0809825426540874 1.48737493408969
3.11943115759 0.0999676392821086 1.48010447822476
3.13224892545028 0.118890321189963 1.47211109482983
3.14509178032183 0.13774273503208 1.46339572601546
3.15796096166492 0.156516985291567 1.45395942501285
3.17085773062701 0.175205131437547 1.44380335728995
3.18378337117798 0.193799184866355 1.43292880187974
3.19673919120033 0.21229110560842 1.42133715296964
3.20972652352244 0.230672798782028 1.40902992180842
3.22274672688109 0.248936110774676 1.39600873899533
3.23580118679622 0.267072825132298 1.38227535722508
3.24889131633828 0.28507465813641 1.36783165457378
3.26201855676446 0.302933254049228 1.35267963842261
3.27518437799613 0.320640180007068 1.33682145013044
3.28839027890501 0.338186920543116 1.32025937058238
3.30163778736979 0.355564871721836 1.30299582675955
3.31492846005874 0.3727653348693 1.28503339949565
3.32826388188661 0.389779509886481 1.26637483260932
3.34164566508554 0.406598488136559 1.24702304362725
3.3550754478204 0.423213244902607 1.22698113634208
3.36855489226852 0.439614631419115 1.20625241548147
3.38208568207141 0.45579336649011 1.18484040380076
3.39566951905313 0.471740027718503 1.16274886195026
3.40930811908511 0.487445042386509 1.13998181151089
3.42300320696126 0.502898678046057 1.11654356163656
3.43675651012995 0.518091032901968 1.0924387397891
3.45056975111134 0.533012026100178 1.06767232709903
3.46444463841002 0.547651388069408 1.04224969893288
3.47838285571389 0.561998651108659 1.0161766712908
3.49238604915356 0.576043140465763 0.989459553695391
3.50645581238078 0.589773966215245 0.962105209256784
3.52059366921427 0.603180016317943 0.934121122606155
3.53480105359691 0.616249951331039 0.905515476370249
3.54907928661431 0.628972201335809 0.876297236803471
3.56342955034393 0.641334965761088 0.846476249089307
3.577852858342 0.653326216901743 0.81606334265395
3.59235002263726 0.664933708060347 0.785070446585215
3.60692161719259 0.676144987371505 0.753510714900171
3.62156793792474 0.686947418493888 0.721398660936422
3.63628895954425 0.697328209463469 0.688750299536914
3.65108428969907 0.707274451077207 0.655583294943643
3.66595312117725 0.716773166199309 0.621917111407484
3.68089418324737 0.725811371328143 0.587773162469783
3.69590569358086 0.734376151603012 0.553174953707165
3.71098531259359 0.742454750137565 0.518148212512778
3.72613010243755 0.75003467211392 0.482720997306611
3.7413364932297 0.757103803439227 0.446923777553057
3.75660025937329 0.763650542949433 0.410789475278026
3.77191650894915 0.769663946159438 0.374353458607657
3.78727968906766 0.77513387744973 0.337653478386881
3.80268360972104 0.780051166424674 0.300729540343172
3.81812148802281 0.784407763087897 0.263623707637435
3.83358601376113 0.788196885591905 0.226379831981846
3.84906943596319 0.791413153778629 0.189043215654203
3.86456366875583 0.794052701668296 0.151660211395287
3.88006041334643 0.796113262568588 0.114277771894236
3.89555129160186 0.797594221591296 0.0769429648116405
3.91102798564348 0.798496632023441 0.0397024725159403
3.92648237725149 0.798823194063351 0.0026020974592522
3.94190668077625 0.79857819669035 -0.0343137058838344
3.95729356371185 0.797767425644258 -0.0710022533846126
3.97263625004045 0.79639804240782 -0.107422992176645
3.98792860278095 0.794478440517271 -0.143537788882229
4.00316518370464 0.792018086355208 -0.179311139024835
4.01834128973288 0.78902735177637 -0.21471029662275
4.03345296694407 0.785517345535136 -0.249705327564071
4.04849700426898 0.781499749641544 -0.284269094071752
4.06347090977288 0.776986665623812 -0.318377180169625
4.07837287289446 0.771990474379893 -0.352007769515524
4.09320171615991 0.766523712001762 -0.385141487373295
4.10795683977249 0.760598962765046 -0.417761218041966
4.12263816216368 0.754228769466284 -0.449851907982104
4.13724605915447 0.747425560496546 -0.481400363414118
4.15178130387963 0.740201592468793 -0.51239504952211
4.16624500912664 0.732568906850406 -0.542825896748166
4.18063857327187 0.724539298861538 -0.572684118125697
4.19496363058335 0.716124296848278 -0.601962040250804
4.20922200631397 0.707335150390402 -0.630652949363538
4.22341567673365 0.698182825523753 -0.65875095311327
4.23754673404044 0.688678005619058 -0.686250857901028
4.25161735594111 0.678831096640488 -0.713148061201974
4.26562977959243 0.668652235692416 -0.739438457942776
4.2795862795351 0.658151301940558 -0.765118359810139
4.29348914922479 0.647337929157231 -0.7901844262688
4.3073406857594 0.636221519286098 -0.814633606043744
4.32114317741386 0.624811256548111 -0.838463087850542
4.33489889361539 0.613116121717713 -0.861670259221851
4.34861007702144 0.6011449062878 -0.884252672363643
4.36227893739429 0.588906226315316 -0.906208016071326
4.37590764699931 0.576408535798647 -0.927534092836262
4.38949833728643 0.563660139485148 -0.948228800372037
4.40305309664467 0.550669205044206 -0.968290116883976
4.41657396904826 0.537443774569919 -0.987716089492656
4.43006295343818 0.523991775399275 -1.00650482530165
4.44352200370639 0.51032103024805 -1.02465448467094
4.45695302916968 0.496439266678571 -1.04216327632054
4.47035789543835 0.482354125921952 -1.05902945394423
4.48373842559989 0.468073171083233 -1.07525131406164
4.49709640165125 0.453603894761535 -1.09082719487834
4.51043356612447 0.438953726119549 -1.10575547595989
4.52375162386038 0.424130037437596 -1.12003457855612
4.53705224389274 0.409140150187675 -1.13366296643853
4.55033706141273 0.393991340662373 -1.14663914713576
4.56360767978902 0.378690845192606 -1.15896167347116
4.5768656726237 0.363245864986938 -1.17062914532242
4.59011258582862 0.347663570623846 -1.18164021153699
4.60334993970978 0.331951106226821 -1.19199357194818
4.61657923105044 0.316115593350696 -1.20168797944676
4.62980193518598 0.300164134606111 -1.21072224207073
4.6430195080654 0.284103817047569 -1.21909522508316
4.65623338829597 0.267941715349225 -1.22680585301332
4.66944499916891 0.251684894791227 -1.2338531116416
4.68265575066496 0.235340414078288 -1.24023604991264
4.69586704143965 0.218915328011117 -1.24595378176457
4.70908026078869 0.202416690030337 -1.25100548786541
4.72229679059448 0.185851554651745 -1.25539041725002
4.73551800725524 0.169226979810962 -1.25910788885349
4.74874528359834 0.152550029134969 -1.26215729293849
4.76197999077994 0.135827774157467 -1.26453809241625
4.7752235001729 0.119067296494623 -1.26624982406203
4.78847718524515 0.10227568999744 -1.26729209962779
4.80174242343065 0.0854600628968191 -1.26766460685614
4.81502059799495 0.0686275399572561 -1.26736711040081
4.82831309989729 0.0517852646551589 -1.26639945266099
4.84162132965078 0.0349404013978344 -1.26476155453772
4.85494669918227 0.0181001377994277 -1.26245341612288
4.86829063369258 0.00127168703037726 -1.25947511733253
4.88165457351791 -0.0155377097426475 -1.25582681849915
4.89503997599213 -0.0323207808088781 -1.25150876093888
4.90844831730939 -0.0490702212396133 -1.24652126751315
4.92188109438524 -0.0657786900697202 -1.24086474320689
4.93533982671388 -0.0824388073150085 -1.23453967574884
4.94882605821766 -0.0990431508051823 -1.22754663630393
4.96234135908365 -0.115584252811159 -1.21988628027208
4.97588732758044 -0.132054596444575 -1.21155934823329
4.98946559184641 -0.148446611806263 -1.20256666708518
5.00307781163835 -0.164752671859449 -1.19290915142658
5.0167256800264 -0.180965088002339 -1.18258780524892
5.0304109250185 -0.197076105313761 -1.1716037240074
5.04413531109327 -0.21307789744455 -1.15995809715486
5.05790064061595 -0.228962561126585 -1.14765221123482
5.07170875510709 -0.244722110270747 -1.13468745364511
5.08556153632698 -0.260348469624806 -1.12106531720114
5.09946090713224 -0.275833467962377 -1.10678740564823
5.11340883205219 -0.291168830774838 -1.09185544029553
5.1274073175232 -0.306346172439654 -1.07627126797088
5.14145841170772 -0.321356987841154 -1.06003687052664
5.15556420381176 -0.336192643423796 -1.04315437616102
5.16972682279961 -0.350844367663727 -1.02562607285947
5.18394843538706 -0.365303240952467 -1.00745442430484
5.19823124317526 -0.379560184897471 -0.988642088655413
5.21257747876449 -0.393605951058834 -0.969191940645133
5.22698940066272 -0.407431109160449 -0.94910709752189
5.24146928677591 -0.42102603483855 -0.928390949405697
5.25601942623664 -0.434380897022007 -0.907047194719495
5.27064210929522 -0.447485645078558 -0.885079881418859
5.28533961496323 -0.460329995910928 -0.8624934548209
5.30011419606448 -0.4729034212485 -0.839292812903513
5.31496806131497 -0.485195135455801 -0.815483370008457
5.32990335402308 -0.497194084270705 -0.791071129928079
5.34492212697861 -0.50888893499485 -0.766062769375788
5.36002631308751 -0.520268068787987 -0.740465732821156
5.37521769131625 -0.531319575867547 -0.714288339594578
5.3904978475423 -0.542031254584403 -0.68753990401223
5.4058681299755 -0.552390615532821 -0.660230869013555
5.42132959893143 -0.562384892051739 -0.632372953410612
5.43688297091433 -0.572001058675908 -0.603979312288298
5.45252855721888 -0.581225859284005 -0.575064709333341
5.46826619759929 -0.590045846844615 -0.545645698878842
5.48409518999149 -0.598447436750053 -0.51574081421131
5.50001421781249 -0.606416975714198 -0.48537075720012
5.51602127699288 -0.613940828048372 -0.454558582608149
5.5321136055996 -0.621005480768663 -0.423329868605374
5.54828761963108 -0.627597668380302 -0.39171286317037
5.56453885924411 -0.633704517291379 -0.359738594430428
5.58086195020389 -0.639313708613467 -0.327440931827356
5.59725058561672 -0.64441365663246 -0.29485658462049
5.61369753287961 -0.648993698551844 -0.26202502498163
5.6301946701483 -0.65304428935679 -0.228988325083576
5.64673305540781 -0.656557194014726 -0.195790901297979
5.66330302942561 -0.659525667955604 -0.162479163860765
5.67989435156974 -0.661944616113656 -0.12910107683164
5.69649636488487 -0.663810720977685 -0.0957056402830755
5.71309818423205 -0.665122531215158 -0.0623423135833135
5.72968889905977 -0.665880504498643 -0.0290604044512041
5.74625778081965 -0.666087001007208 0.00409154772147688
5.76279448442156 -0.665746227393049 0.0370663645971672
5.77928923355314 -0.664864134393671 0.0698187696717584
5.79573298111152 -0.663448274312543 0.102305853453915
5.81211753819777 -0.661507626928113 0.134487445770763
5.82843566778608 -0.659052403790795 0.166326385434321
5.84468114193819 -0.656093841257138 0.197788685150188
5.86084876395723 -0.652643992070265 0.228843596445717
5.8769343589154 -0.648715524022911 0.259463584888056
5.89293473740826 -0.644321532494616 0.289624229607578
5.90884763815738 -0.639475371706766 0.319304063091971
5.92467165526195 -0.634190507622541 0.348484367559735
5.94040615560813 -0.628480393707046 0.377148943296651
5.95605119132375 -0.622358369360811 0.405283862541998
5.97160741135666 -0.615837579789083 0.432877220227667
5.9870759753773 -0.60893091536244 0.459918890428525
6.00245847235137 -0.601650968120803 0.48640029502043
6.01775684535766 -0.594010002915871 0.512314188923542
6.03297332357226 -0.586019940714193 0.537654464518833
6.04811036181586 -0.577692351736567 0.562415976393488
6.06317058766241 -0.569038456339505 0.586594386483996
6.07815675582163 -0.560069131812183 0.610186028907656
6.09307170931891 -0.550794923538825 0.633187793255277
6.10791834688344 -0.541226059242543 0.655597024808383
6.1226995959023 -0.531372465270378 0.677411439994275
6.13741839028837 -0.521243784094464 0.698629055358706
6.15207765262988 -0.510849392388828 0.719248128382934
6.16668028002862 -0.500198419195889 0.739267108570997
6.18122913308465 -0.489299763823592 0.758684597362464
6.19572702754076 -0.478162113216231 0.777499315569789
6.21017672815701 -0.466793958622982 0.795710077186414
6.22458094444058 -0.455203611451175 0.813315768554652
6.23894232790742 -0.443399218239699 0.830315332016265
6.25326347059953 -0.431388774724246 0.846707753291152
6.26754690462331 -0.41918013899301 0.862492051939361
6.28179510251179 -0.406781043750716 0.877667274358756
6.29601047824559 -0.39419910772241 0.892232488855407
6.31019538879542 -0.381441846237401 0.906186782397171
6.32435213607272 -0.368516681039406 0.919529258723889
6.33848296919529 -0.355430949372046 0.932259037541374
6.35259008699171 -0.34219191239008 0.944375254571956
6.36667564068298 -0.328806762946699 0.955877062272924
6.38074173669158 -0.315282632806208 0.96676363106663
6.39479043953831 -0.301626599329805 0.977034150953286
6.40882377479554 -0.287845691680179 0.986687833400323
6.42284373207241 -0.273946896588415 0.995723913421231
6.43685226801321 -0.25993716372443 1.00414165177275
6.45085130929479 -0.24582341070982 1.01194033721256
6.46484275561287 -0.231612527809822 1.01911928877064
6.47882848264984 -0.217311382338921 1.02567785799679
6.49281034501983 -0.202926822812721 1.03161543115441
6.50679017918816 -0.188465682876833 1.03693143133697
6.52076980636454 -0.173934785041929 1.04162532048937
6.53475103537031 -0.159340944252654 1.0456966013204
6.54873566548133 -0.144690971316791 1.04914481909674
6.56272548924857 -0.129991676220014 1.05196956331226
6.57672229529948 -0.115249871350614 1.05417046922888
6.59072787112323 -0.100472374657882 1.05574721928837
6.60474400584343 -0.0856660127672402 1.05669954439629
6.61877249298193 -0.0708376240748402 1.05702722508185
6.63281513321724 -0.0559940618441135 1.05673009253938
6.64687373714125 -0.0411421973266964 1.05580802955923
6.66095012801711 -0.0262889229302623 1.05426097135838
6.67504614454147 -0.0114411554560517 1.05208890632302
6.68916364361286 0.00339416057068131 1.04929187667831
6.70330450310808 0.0182100494535057 1.04586997910327
6.71747062466702 0.0329995007363926 1.04182336531189
6.73166393648531 0.0477554654485978 1.03715224262578
6.74588639611319 0.0624708521563599 1.03185687456743
6.76013999325664 0.0771385227937286 1.02593758150874
6.77442675257556 0.0917512882434966 1.01939474141523
6.78874873647069 0.10630190363774 1.01222879073318
6.80310804784855 0.120783063345886 1.0044402254752
6.8175068328498 0.135187395616551 0.996029602569383
6.83194728352248 0.149507456837649 0.98699754154812
6.84643164041637 0.163735725377536 0.977344726666052
6.8609621950689 0.177864594968229 0.96707190955194
6.87554129234568 0.191886367590165 0.956179912517292
6.89017133259044 0.205793245816651 0.944669632665781
6.90485477352874 0.21957732457516 0.932542046972163
6.91959413185814 0.233230582282279 0.919798218528302
6.93439198444299 0.246744871309528 0.906439304187505
6.94925096901553 0.260111907738869 0.89246656387742
6.96417378426486 0.273323260369858 0.877881371897035
6.97916318917257 0.286370338945577 0.862685230565449
6.99422200142659 0.299244381572502 0.846879786650125
7.00935309471327 0.311936441320961 0.8304668510707
7.0245593946518 0.324437372009077 0.813448422452088
7.03984387309326 0.336737813195231 0.79582671518767
7.05520954045963 0.348828174433784 0.777604192770097
7.07065943574541 0.360698618888062 0.758783607252901
7.08619661374613 0.372339046445647 0.739368045819224
7.10182412901544 0.383739076546802 0.719360985551796
7.11754501598635 0.394888031020271 0.698766357615905
7.13336226462581 0.405774917325625 0.677588622177286
7.14927879092894 0.416388412731229 0.655832855468653
7.16529740150628 0.426716850115825 0.633504850476588
7.18142075148285 0.436748206272884 0.610611232723474
7.19765129492396 0.44647009382254 0.587159592538815
7.21399122704542 0.455869758096281 0.563158635014246
7.23044241757517 0.464934080651189 0.538618348471641
7.24700633483447 0.473649591384588 0.513550191690448
7.26368396042829 0.482002491539796 0.487967299279066
7.28047569490597 0.489978690192101 0.461884703374779
7.2973812554049 0.497563857040455 0.435319568264518
7.31439956714109 0.504743494448519 0.408291432503461
7.33152865166668 0.511503031606442 0.380822450681106
7.34876551605055 0.517827943336423 0.35293762422358
7.36610604848939 0.523703895349176 0.324665007700019
7.38354492720246 0.529116916592311 0.296035874313505
7.40107555062299 0.534053597662968 0.267084822026905
7.41868999763534 0.538501312093046 0.237849800639288
7.4363790266455 0.542448454752559 0.208372040685188
7.45413212135224 0.545884688865068 0.178695867825066
7.47193758901833 0.548801190517484 0.148868391782995
7.48978271379124 0.551190877496412 0.118939066857088
7.50765396337243 0.553048608245893 0.0889591310739834
7.52553724251013 0.55437133710114 0.0589809421362285
7.543418182028 0.555158213917655 0.0290572389376685
7.56128244814111 0.555410619727244 -0.00075963407149383
7.57911605433473 0.555132134755895 -0.030418497492945
7.59690565755228 0.554328440423587 -0.0598700600462708
7.61463882197405 0.553007162069762 -0.0890675559401398
7.63230423700653 0.551177663395268 -0.117967266754378
7.64989188067201 0.548850806448883 -0.146528909011311
7.66739312465331 0.546038692162406 -0.174715880485436
7.68480078207445 0.542754396002862 -0.202495369406762
7.70210910310393 0.539011711561666 -0.229838339767426
7.71931372630453 0.534824912282655 -0.256719412207406
7.73641159522133 0.530208538522691 -0.283116663265371
7.75340085010545 0.525177214161646 -0.309011366426888
7.77028070415155 0.519745494342347 -0.334387696964687
7.7870513124784 0.513927743805671 -0.359232419736416
7.80371364059005 0.507738043754278 -0.383534575547494
7.82026933746244 0.50119012420519 -0.40728517794667
7.83672061688094 0.494297318296055 -0.43047692879237
7.8530701493193 0.487072534887215 -0.453103957848815
7.86932096555265 0.479528245943364 -0.475161589154451
7.88547637234804 0.471676485488205 -0.496646134968516
7.90153987995965 0.46352885732457 -0.517554716701039
7.91751514073997 0.455096549142802 -0.537885111290424
7.93340589792561 0.446390351061798 -0.557635620922162
7.94921594352907 0.437420677035445 -0.576804963694889
7.96494908423203 0.428197587899284 -0.595392182758189
7.98060911420251 0.418730815123415 -0.61339657150531
7.9961997938254 0.40902978457869 -0.630817612552114
8.01172483342581 0.399103639818061 -0.647654928432518
8.02718788116535 0.388961264529077 -0.66390824216254
8.04259251439331 0.378611303933116 -0.679577346050796
8.05794223383346 0.368062184997935 -0.694662077350574
8.07324046007854 0.357322135397975 -0.709162299549995
8.08849053194661 0.346399201206351 -0.723077888278646
8.10369570632676 0.335301263337636 -0.736408720969879
8.11885915920463 0.324036052784702 -0.749154669558108
8.13398398761307 0.312611164708727 -0.761315595611023
8.14907321229937 0.301034071451145 -0.772891347399361
8.16412978093961 0.289312134541415 -0.783881758493772
8.17915657176344 0.277452615776401 -0.794286647551266
8.19415639747977 0.265462687446758 -0.804105819014718
8.20913200941635 0.253349441783838 -0.813339064499621
8.22408610180477 0.241119899697743 -0.821986164684349
8.23902131615774 0.228781018873711 -0.830046891554928
8.25394024569777 0.216339701290302 -0.837521010883993
8.26884543980677 0.203802800219043 -0.844408284847213
8.28373940847395 0.191177126761479 -0.850708474699844
8.29862462672644 0.178469455976024 -0.856421343452034
8.31350353903213 0.165686532643693 -0.861546658494581
8.32837856366863 0.152835076718766 -0.866084194137654
8.34325209705563 0.139921788507714 -0.870033734033848
8.35812651805061 0.126953353617278 -0.873395073464347
8.37300419221009 0.113936447710524 -0.876168021473091
8.38788747601993 0.100877741107893 -0.878352402839083
8.40277872109966 0.0877839032687966 -0.879948059881392
8.4176802783865 0.074661607188142 -0.880954854095347
8.43259450230532 0.0615175337413053 -0.881372667621943
8.44752375493096 0.0483583760104841 -0.881201404555782
8.46247041014948 0.0351908436250752 -0.880440992100062
8.47743685782448 0.0220216671487092 -0.879091381580374
8.49242550797416 0.00885760254584288 -0.877152549332468
8.50743879496422 -0.00429456423864458 -0.874624497482806
8.52247918172024 -0.0174280125525893 -0.871507254644858
8.53754916396215 -0.0305358821270583 -0.867800876558736
8.55265127446134 -0.0436112679475244 -0.863505446707195
8.56778808731879 -0.0566472148673489 -0.858621076947303
8.58296222225987 -0.0696367119233267 -0.853147908204536
8.59817634893782 -0.0825726863108946 -0.847086111284812
8.6134331912338 -0.0954479969742183 -0.840435887870387
8.62873553153622 -0.108255427763768 -0.833197471777911
8.64408621497555 -0.120987680111208 -0.825371130571617
8.65948815358332 -0.13363736516853 -0.816957167642127
8.67494433033441 -0.146196995355397 -0.807955924882117
8.69045780302044 -0.158658975255786 -0.798367786114802
8.70603170788838 -0.171015591802349 -0.788193181460531
8.72166926296152 -0.183259003684676 -0.777432592861557
8.73737377094022 -0.195381229916085 -0.766086561026255
8.75314862155536 -0.207374137493154 -0.75415569410271
8.76899729321853 -0.219229428083312 -0.741640678449004
8.78492335377819 -0.23093862367923 -0.728542291934925
8.80093046014981 -0.24249305116527 -0.71486142028875
8.81702235653865 -0.253883825751976 -0.70059907709468
8.83320287091623 -0.265101833251116 -0.685756428152909
8.84947590934344 -0.276137711187762 -0.670334821036497
8.86584544765482 -0.286981828779885 -0.654335820818246
8.88231551992753 -0.297624265862694 -0.637761253096683
8.89889020305637 -0.308054790898352 -0.620613255622417
8.91557359664151 -0.318262838295909 -0.602894340011525
8.93236979727189 -0.328237485376889 -0.584607465226026
8.94928286615617 -0.337967429464895 -0.565756124693204
8.96631678892364 -0.347440965759823 -0.546344449110632
8.98347542629716 -0.356645966886096 -0.526377327119279
9.00076245424761 -0.365569865286662 -0.505860546090235
9.01818129219524 -0.374199639976039 -0.484800955215438
9.03573501786061 -0.382521809568804 -0.463206652858067
9.05342626752774 -0.390522433961033 -0.441087199624977
9.07125712081829 -0.398187127548093 -0.418453857775219
9.08922896965005 -0.405501087384863 -0.39531985626452
9.10734237193548 -0.412449140185307 -0.371700678830117
9.12559689183168 -0.419015812442058 -0.347614369941659
9.14399093002999 -0.425185428116157 -0.323081850124322
9.16252154967675 -0.430942238163008 -0.298127228130297
9.18118430597976 -0.436270585457926 -0.272778092869392
9.19997309020349 -0.441155107292559 -0.247065763288462
9.21888000127738 -0.445580975391304 -0.221025470144277
9.23789526017644 -0.44953417028779 -0.194696440734509
9.25700718300376 -0.453001782998045 -0.168121857213448
9.27620222769766 -0.455972332531515 -0.141348662211498
9.29546512600806 -0.458436083436634 -0.114427192915575
9.31477910664566 -0.46038534403535 -0.087410636741039
9.33412620760118 -0.461814724103679 -0.0603543174843761
9.35348766643618 -0.462721331239817 -0.03331483856641
9.37284436824329 -0.463104888424276 -0.00634912694294943
9.39217732359158 -0.462967761183489 0.0204865656019783
9.41146814457844 -0.462314890592763 0.04713764041894
9.43069948700014 -0.461153636897704 0.0735520471850464
9.44985543067671 -0.459493546404398 0.0996810434651384
9.46892177731588 -0.457346060254271 0.125479781024892
9.48788625454563 -0.454724186978131 0.150907699739354
9.50673862424595 -0.451642161128151 0.175928728447521
9.52547070161843 -0.448115108184224 0.200511307941521
9.54407629758174 -0.444158732065104 0.224628262703322
9.56255110068297 -0.439789036827378 0.248256554395694
9.58089251589583 -0.43502208931734 0.271376951830525
9.59909947690785 -0.42987382525713 0.2939736501626
9.61717224640586 -0.424359897847982 0.316033867638028
9.63511221607413 -0.418495565578707 0.337547442571015
9.65292171503631 -0.412295614482627 0.358506447312008
9.67060383266709 -0.405774309434583 0.37890483048609
9.68816225928676 -0.398945369023602 0.398738094114524
9.70560114632679 -0.391821958881192 0.418003008540313
9.72292498612006 -0.38441669892252 0.436697365352053
9.74013851047836 -0.376741680638864 0.454819766632317
9.75724660659706 -0.36880849127404 0.472369447694861
9.77425424849038 -0.36062824236798 0.489346129857465
9.79116644203456 -0.352211600725987 0.505749899574994
9.80798818171411 -0.343568820359985 0.521581110304387
9.82472441727657 -0.334709774347804 0.536840303690072
9.84138002866377 -0.325643985874873 0.551528146970281
9.85795980777405 -0.316380657969988 0.565645383858967
9.87446844580159 -0.306928701634308 0.579192796518924
9.8909105250829 -0.297296762201731 0.592171176586967
9.90729051454978 -0.287493243869206 0.604581303528831
9.92361276803974 -0.277526332406094 0.616423928883806
9.93988152484658 -0.267404016099502 0.627699765205286
9.95610091200777 -0.25713410502338 0.638409478714535
9.97227494792067 -0.24672424873764 0.64855368486364
9.98840754696062 -0.236181952533127 0.658132946153292
10.0045025248399 -0.225514592341608 0.667147771675395
10.0205636045018 -0.2147294284291 0.675598617953045
10.0365944223895 -0.203833617987223 0.683485890734638
10.0525985349635 -0.192834226731987 0.690809947467578
10.0685794253749 -0.181738239613213 0.697571100233053
10.0845405102215 -0.170552570731227 0.703769618968695
10.1004851463344 -0.159284072550874 0.709405734842745
10.1164166375603 -0.147939544496588 0.714479643673012
10.1323382415115 -0.13652574100632 0.718991509307936
10.1482531762705 -0.125049379116682 0.722941466906438
10.1641646270405 -0.113517145646834 0.726329626068924
10.1800757527399 -0.101935704044297 0.729156073784562
10.1959896925436 -0.0903117009522123 0.731420877170367
10.2119095723766 -0.0786517725544135 0.733124085986245
10.2278385113687 -0.0669625507521308 0.734265734917393
10.2437796282812 -0.0552506692241363 0.734845845621698
10.2597360479155 -0.0435227694206742 0.734864428545293
10.2757109075175 -0.0317855065405756 0.734321484514615
10.291707363188 -0.0200455555405254 0.733217006118244
10.3077285963119 -0.00830961722552074 0.73155097889688
10.3237778200169 0.00341557552987218 0.729323382365199
10.3398582856693 0.0151232513787957 0.72653419089524
10.3559732894155 0.0268065938656965 0.723183374497747
10.3721261787722 0.0384587345019834 0.719270899545705
10.3883203592658 0.0500727454969691 0.71479672949356
10.4045593011167 0.0616416320843117 0.709760825656627
10.4208465459569 0.0731583243806988 0.70416314812837
10.4371857135649 0.0846156687095983 0.698003656929143
10.453580508588 0.0960064183185704 0.691282313499103
10.470034727214 0.107323223413957 0.683999082671157
10.4865522637389 0.118558620431839 0.676153935287695
10.5031371169572 0.129705020459096 0.667746851658571
10.5197933962825 0.140754696713474 0.658777826098482
10.5365253274763 0.151699770986974 0.649246872830845
10.5533372578291 0.162532198953141 0.639154033604301
10.5702336605991 0.173243754236425 0.628499387438752
10.5872191384605 0.183826011141562 0.617283063002722
10.604298425654 0.194270325943946 0.605505254225195
10.6214763884555 0.204567816649625 0.593166239865649
10.638758023492 0.214709341147857 0.580266407908748
10.6561484533219 0.224685473702573 0.566806285818016
10.6736529185701 0.234486479765011 0.552786577878585
10.6912767657566 0.244102289142502 0.538208211084954
10.7090254297781 0.253522467633444 0.52307239128659
10.7269044097976 0.262736187342906 0.507380671590717
10.7449192370702 0.27173219603573 0.491135035332806
10.7630754329778 0.280498786074934 0.474337996250202
10.7813784552833 0.289023763744921 0.456992718813434
10.7998336303546 0.297294420085328 0.439103161950932
10.8184460688778 0.305297504776431 0.420674249596444
10.8372205624244 0.31301920513404 0.401712071521393
10.8561614582169 0.320445132899193 0.382224117684011
10.8752725096376 0.327560322244823 0.362219548695165
10.894556700565 0.334349243249577 0.341709503791566
10.9140160426341 0.34079583596253 0.320707445710971
10.9336513461683 0.346883571014969 0.299229538855556
10.9534619679751 0.35259554338556 0.277295052904618
10.9734455425448 0.357914606185542 0.25492677847952
10.9935977074643 0.362823550925429 0.232151434642979
11.0139118388574 0.367305339328496 0.209000040317694
11.0343788179432 0.371343389043338 0.185508213972488
11.0549868545249 0.374921911344494 0.161716359523755
11.0757213962253 0.378026293087188 0.137669693218041
11.0965651521481 0.380643508163062 0.113418068437627
11.1174982550764 0.382762536334959 0.0890155647857601
11.1384985765424 0.384374760934653 0.0645198253424522
11.1595421944517 0.385474313094881 0.0399911507566626
11.1806039951098 0.386058330446811 0.015491387784032
11.2016583735081 0.386127103402603 -0.00891732201890284
11.2226799812637 0.38568409204073 -0.0331738463274052
11.2436444639852 0.384735809780401 -0.057219321993195
11.2645291309069 0.38329158409989 -0.0809982786089588
11.2853135091792 0.381363216869898 -0.104459551264783
11.3059797509604 0.378964575272327 -0.127556935283337
11.3265128799816 0.376111147649097 -0.15024956651228
11.3469008819261 0.372819597095218 -0.172502039333972
11.3671346569962 0.369107340287001 -0.19428429661507
11.3872078619727 0.364992171542733 -0.215571339271667
11.4071166727848 0.360491944079239 -0.236342808026426
11.4268594979456 0.355624313129343 -0.25658248786136
11.4464366695371 0.350406539788462 -0.276277778913922
11.4658501331259 0.344855350439898 -0.295419168430214
11.4851031522483 0.338986844278737 -0.313999728757341
11.5042000377274 0.332816440512169 -0.332014657507228
11.5231459075453 0.326358856879477 -0.349460868654843
11.5419464794676 0.319628111841875 -0.366336637684344
11.5606078960899 0.312637543837856 -0.382641299900832
11.5791365803238 0.305399842161388 -0.398374998448927
11.5975391183789 0.297927085151771 -0.41353847712353
11.6158221668619 0.290230782401501 -0.428132912425768
11.6339923805377 0.282321918553741 -0.442159779248955
11.6520563574506 0.274210996965935 -0.455620744867333
11.6700205983956 0.26590808207069 -0.46851758638878
11.6878914780806 0.25742283968803 -0.480852127411844
11.7056752256916 0.248764574856761 -0.492626190224749
11.7233779129296 0.239942266978533 -0.503841560454813
11.7410054479142 0.230964602225969 -0.514499961596415
11.7585635736415 0.221840003272258 -0.524603037303223
11.7760578699296 0.212576656467649 -0.534152339723513
11.7934937580021 0.203182536628634 -0.543149322488977
11.810876507031 0.193665429626653 -0.551595337242992
11.8282112421087 0.184032952970856 -0.559491632820892
11.8455029532351 0.174292574578372 -0.566839356379196
11.8627565050028 0.164451629918946 -0.573639555919925
11.879976646738 0.15451733771089 -0.579893183775919
11.8971680229167 0.144496814333867 -0.58560110071892
11.9143351837235 0.13439708711193 -0.59076408042847
11.9314825956594 0.12422510660839 -0.595382814120263
11.9486146521328 0.113987758062834 -0.59945791518061
11.9657356839935 0.103691872090272 -0.602989923691633
11.9828499699845 0.0933442347530796 -0.605979310761882
11.999961747105 0.0829515971082452 -0.608426482600907
12.017075220882 0.0725206843254012 -0.610331784295338
12.0341945755628 0.0620582044651928 -0.611695503259313
12.0513239842404 0.0515708570027458 -0.612517872344654
12.0684676189322 0.0410653411772363 -0.612799072606661
12.085629660633 0.0305483642458386 -0.612539235730556
12.1028143093648 0.0200266497185834 -0.611738446131927
12.1200257942467 0.00950694564987726 -0.610396742752515
12.1372683836072 -0.00100396693741749 -0.60851412058088
12.1545463951586 -0.0114992654183674 -0.606090531936231
12.1718642062519 -0.0219720766438603 -0.603125887563582
12.1892262642231 -0.0324154676481562 -0.599620057599835
12.2066370968394 -0.0428224359004543 -0.59557287248396
12.2241013228426 -0.0531858990101395 -0.59098412390086
12.2416236625776 -0.063498683789797 -0.585853565868402
12.2592089486816 -0.0737535145736505 -0.580180916101462
12.2768621367911 -0.0839430006818558 -0.573965857816743
12.2945883162014 -0.0940596229131527 -0.567208042178783
12.3123927203885 -0.104095718939927 -0.559907091632701
12.3302807372641 -0.114043467471 -0.552062604424552
12.3482579189954 -0.123894871038854 -0.543674160678164
12.3663299911618 -0.133641737260078 -0.534741330480545
12.3845028609535 -0.143275658411433 -0.525263684529849
12.4027826240316 -0.152787989160288 -0.515240808024212
12.4211755695585 -0.162169822288933 -0.504672318621026
12.4396881827778 -0.171411962259813 -0.49355788947964
12.458327144355 -0.180504896486271 -0.481897278621518
12.4770993254927 -0.189438764205354 -0.469690366106857
12.4960117775835 -0.198203322901565 -0.456937200841191
12.5150717148742 -0.206787912311157 -0.443638059194861
12.5342864882597 -0.21518141615596 -0.429793518045168
12.5536635479172 -0.223372221927507 -0.415404545334165
12.5732103920193 -0.231348179283323 -0.400472611765509
12.5929344982515 -0.239096557948943 -0.384999827820408
12.6128432343059 -0.246604006466401 -0.368989110815189
12.6329437429988 -0.25385651372082 -0.352444387182727
12.6532427972077 -0.260839375939799 -0.335370835427586
12.6737466195849 -0.267537172819762 -0.317775175116382
12.6944606621285 -0.273933757599904 -0.299666006586568
12.7153893414334 -0.280012267260488 -0.2810542044743
12.736535727106 -0.285755160501153 -0.261953365280871
12.7579011837812 -0.291144292611528 -0.242380304570079
12.7794849718206 -0.296161037524451 -0.222355592586808
12.8012838183886 -0.300786467844744 -0.201904107838578
12.8232914792632 -0.305001602928376 -0.181055576595539
12.8454983219923 -0.308787732494911 -0.159845053127184
12.8678909716904 -0.312126818151601 -0.138313282581517
12.8904520697549 -0.315001967195423 -0.116506878670193
12.9131602000977 -0.317397962312015 -0.0944782456960511
12.9359900337778 -0.319301818380488 -0.0722851831348549
12.9589127285207 -0.320703325664228 -0.0499901339702358
12.9818965939212 -0.321595530226405 -0.0276590753086752
13.0049079988402 -0.321975100599329 -0.00536009708783473
13.027912460835 -0.321842536709036 0.0168382369165854
13.0508758268468 -0.321202192854354 0.0388686134393395
13.0737654378171 -0.320062108609241 0.0606666294029976
13.0965511720132 -0.318433665248905 0.0821722448978488
13.1192062820021 -0.316331105493371 0.103330919226757
13.1417079729021 -0.31377096696331 0.124094367083318
13.1640377065145 -0.310771483050826 0.144420923281462
13.186181249189 -0.307351999764159 0.16427554914378
13.2081285053 -0.303532446160311 0.183629544713095
13.2298731909438 -0.299332882530101 0.202460046151057
13.2514124048128 -0.294773137452741 0.220749388777514
13.2727461478826 -0.289872534120513 0.23848440720774
13.2938768338041 -0.284649698794158 0.255655729531909
13.3148088206097 -0.279122439868368 0.272257106367589
13.3355479835714 -0.273307684265896 0.288284800614812
13.3561013399632 -0.267221457997473 0.303737051333969
13.3764767295416 -0.260878899000247 0.318613615848803
13.3966825497146 -0.254294292211729 0.332915387809713
13.4167275413444 -0.247481118831811 0.346644085062568
13.4366206195011 -0.240452113612546 0.359801999170417
13.4563707428644 -0.233219325658241 0.372391797769145
13.4759868155236 -0.22579417956721 0.38441637113278
13.4954776153669 -0.218187534804295 0.395878715019314
13.5148517439072 -0.210409741991272 0.406781842807169
13.5341175931143 -0.202470695383454 0.417128720946062
13.553283325543 -0.194379881209495 0.426922222729809
13.5723568647103 -0.186146421827944 0.436165096295677
13.5913458932599 -0.177779115832744 0.444859943539463
13.6102578569534 -0.16928647434799 0.453009207301694
13.6290999729478 -0.160676753811097 0.460615164733701
13.6478792411623 -0.151957985568978 0.467679925204279
13.6666024578148 -0.143138002615506 0.474205431471862
13.6852762304323 -0.134224463788655 0.480193463137577
13.7039069938141 -0.125224875728128 0.48564564162421
13.7225010265656 -0.116146612872776 0.490563436106343
13.7410644679278 -0.106996935754384 0.494948169957754
13.7596033347106 -0.0977830078219725 0.498801027391462
13.7781235382031 -0.0885119110097864 0.50212306005258
13.7966309009813 -0.0791906602429897 0.504915193389548
13.8151311735727 -0.0698262170582382 0.50717823267992
13.8336300509626 -0.0604255025017111 0.508912868626001
13.8521331889507 -0.0509954094549174 0.510119682466153
13.8706462203791 -0.0415428145285759 0.510799150571649
13.8891747712638 -0.0320745896569881 0.510951648518391
13.9077244768702 -0.0225976135195069 0.51057745463905
13.926300997776 -0.0131187829118432 0.509676753075512
13.9449100359656 -0.0036450241879749 0.508249636364891
13.9635573510018 0.00581669510673491 0.506296107605934
13.9822487763131 0.0152593542889779 0.503816082267104
14.0009902356334 0.0246758671518958 0.500809389714191
14.0197877596178 0.0340590690097156 0.497275774554764
14.0386475026484 0.0434017030350761 0.493214897920405
14.0575757598244 0.052696405742948 0.488626338836833
14.0765789841111 0.0619356914648345 0.48350959586817
14.0956638035888 0.0711119356451201 0.477864089266853
14.1148370387062 0.0802173567781703 0.471689163917258
14.1341057193911 0.0892439967903428 0.464984093432
14.153477101806 0.0981836996558735 0.457748085848625
14.172958684451 0.107028088020374 0.449980291485431
14.1925582232086 0.115768537591484 0.441679813653888
14.2122837447856 0.124396149044702 0.432845723098017
14.232143557828 0.132901717185988 0.423477077246048
14.2521462607633 0.141275697114875 0.413572945626024
14.2723007451339 0.149508167147605 0.403132443125284
14.2926161928304 0.157588788296277 0.392154773176068
14.3131020651855 0.1655067601672 0.380639283438168
14.3337680813346 0.173250773253212 0.368585537136585
14.3546241825786 0.180808957769426 0.355993403906467
14.3756804786763 0.18816882944465 0.342863174801189
14.3969471710503 0.19531723306417 0.32919570702085
14.4184344468257 0.202240285105172 0.314992604882753
14.4401523364756 0.208923317564143 0.300256444508659
14.4621105267252 0.215350826103706 0.284991050511491
14.4843181194345 0.221506427003431 0.269201833403058
14.5067833267339 0.227372829133215 0.252896196166158
14.5295130931713 0.232931829292133 0.236084016931144
14.5525126376752 0.238164341710597 0.218778211277404
14.5757849125724 0.243050475108799 0.200995371486603
14.5993299846775 0.247569673043277 0.182756470181955
14.6231443554626 0.251700934674935 0.164087601447917
14.6472202539661 0.255423132542866 0.145020713611189
14.6715449567454 0.258715440134394 0.125594265534119
14.6961002113732 0.261557873667595 0.105853715724223
14.720861858839 0.263931938680881 0.085851736551048
14.7457997585586 0.265821353117469 0.0656480423614903
14.7708781094363 0.267212796980854 0.045308738683192
14.7960562256932 0.26809661904579 0.0249051453016255
14.8212897672394 0.268467419883698 0.00451211676854391
14.8465323505425 0.268324433528161 -0.0157940321921605
14.8717373948609 0.2676716501743 -0.0359378124507129
14.8968600108534 0.266517656742099 -0.0558468270015631
14.9218587290341 0.264875213039571 -0.0754537866028237
14.9466968972313 0.262760618176807 -0.0946980878310898
14.9713436387335 0.260192945849593 -0.11352684424932
14.9957743373868 0.257193233914457 -0.131895348933193
15.0199706833475 0.253783704663449 -0.149767022681413
15.0439203604492 0.249987072708591 -0.167112952998194
15.0676164788045 0.245825974017357 -0.183911150651552
15.0910568572293 0.241322527955862 -0.200145647669678
15.1142432461769 0.236498027514268 -0.21580554152449
15.137180560609 0.23137274226888 -0.230884063789801
15.1598761696764 0.225965813528374 -0.245377724622853
15.1823392700827 0.220295220165908 -0.259285561180419
15.2045803543534 0.21437779534348 -0.272608500323596
15.2266107742412 0.208229277395003 -0.285348833802837
15.2484423926151 0.201864381615444 -0.297509796748252
15.2700873135203 0.195296883025905 -0.309095236580895
15.2915576787047 0.188539703052142 -0.320109358281823
15.312865518997 0.181604995363186 -0.330556532363488
15.3340226498559 0.174504227879197 -0.340441153173105
15.3550406017516 0.167248259242853 -0.349767536831367
15.3759305775098 0.159847408946497 -0.358539849862149
15.3967034301646 0.152311520907346 -0.36676206122137
15.4173696561444 0.144650020663525 -0.374437911897365
15.4379393997162 0.136871966588279 -0.381570897499538
15.4584224655322 0.128986095637543 -0.3881642602786
15.4788283368689 0.121000864193442 -0.394220987849843
15.4991661977482 0.112924484569403 -0.399743816547605
15.5194449575974 0.104764957719455 -0.404735237852796
15.5396732774725 0.0965301026571779 -0.409197506732802
15.5598595971494 0.0882275830466863 -0.413132651037903
15.5800121626013 0.0798649313839616 -0.416542481330347
15.6001390535446 0.0714495711448513 -0.419428600697793
15.6202482108538 0.0629888372377719 -0.421792414235141
15.6403474637379 0.0544899950654484 -0.423635137978177
15.6604445566386 0.0459602584711791 -0.424957807147208
15.6805471758542 0.0374068068211231 -0.425761283615333
15.7006629759322 0.0288368014548088 -0.426046262559253
15.7207996058936 0.0202574017211963 -0.425813278284439
15.740964735368 0.0116757808069634 -0.425062709244369
15.7611660807273 0.00309914155697207 -0.423794782297819
15.7814114313066 -0.00546526751607254 -0.422009576271356
15.801708675797 -0.0140101358350865 -0.419707024918035
15.8220658288878 -0.0225280737733228 -0.416886919390019
15.8424910582174 -0.0310115948708313 -0.413548910374422
15.8629927116685 -0.0394530970321109 -0.409692510080418
15.8835793450127 -0.0478448424699982 -0.405317094314312
15.9042597498599 -0.0561789361431402 -0.400421904940981
15.9250429818096 -0.0644473024135911 -0.395006053108916
15.945938388617 -0.0726416596274591 -0.389068523716898
15.966955638077 -0.0807534922957179 -0.382608181729449
15.9881047451843 -0.0887740205253092 -0.375623781113251
16.0093960979348 -0.0966941663241705 -0.368113977377617
16.03084048088 -0.104504516380519 -0.360077344970887
16.0524490952174 -0.112195280900731 -0.351512401126254
16.0742335737649 -0.119756248087768 -0.342417638183129
16.0962059886086 -0.127176733862694 -0.332791566955139
16.1183788484944 -0.134445526489113 -0.322632774397655
16.140765082108 -0.141550825874281 -0.311939999672674
16.1633780022327 -0.148480177519487 -0.300712233742324
16.1862312443255 -0.155220401415726 -0.28894884886304
16.2093386712976 -0.161757516683088 -0.276649765803081
16.2327142342132 -0.168076663505999 -0.263815668235187
16.2563717762776 -0.174162025014568 -0.250448275471246
16.280324765032 -0.179996753317458 -0.236550686310294
16.3045859354233 -0.185562906028548 -0.222127807903551
16.3291668249563 -0.190841402462654 -0.207186883593685
16.3540771824361 -0.195812012262836 -0.191738131717596
16.3793242353251 -0.200453393481482 -0.175795502022072
16.4049118094692 -0.20474320171457 -0.159377545882703
16.4308393112672 -0.208658295973348 -0.142508379008779
16.4571006084598 -0.212175069110696 -0.125218689234247
16.4836828824418 -0.21526992858797 -0.10754670734479
16.5105655699834 -0.217919944394757 -0.0895390188988821
16.5377195576769 -0.220103662424135 -0.0712510579058271
16.5651068238371 -0.22180205263295 -0.0527471030034446
16.592680720539 -0.22299952460435 -0.0340996109479075
16.6203870351482 -0.223684906542379 -0.0153877852698179
16.6481658607199 -0.223852259627205 0.00330460863301622
16.6759541550114 -0.223501400888961 0.0218920266152641
16.7036887187306 -0.222638041093599 0.040290236970873
16.731309224711 -0.221273504785988 0.058419350075493
16.7587609170644 -0.219424071168296 0.0762064230586104
16.7859966769103 -0.217110035463316 0.0935873664810075
16.8129782893581 -0.21435462406855 0.11050802226379
16.8396768979952 -0.211182897803108 0.126924429882984
16.8660727560374 -0.207620752142301 0.142802411882324
16.8921544549317 -0.203694084252441 0.158116671043364
16.9179178305614 -0.199428156692937 0.172849601877876
16.9433647276107 -0.194847155521249 0.186989993228299
16.9685017620663 -0.189973919709968 0.200531754860644
16.9933391758261 -0.18482980874219 0.213472754015589
17.0178898360481 -0.179434673370738 0.22581380721715
17.0421683998994 -0.173806897706007 0.237557842137862
17.0661906435728 -0.167963486394959 0.248709224210757
17.08997294147 -0.161920176830666 0.259273231260515
17.1135318751512 -0.155691562020033 0.269255654372688
17.1368839498662 -0.149291214452436 0.278662502330329
17.1600453974169 -0.142731804942195 0.28749978847041
17.1830320464623 -0.136025213052735 0.295773381506323
17.2058592442939 -0.129182627524467 0.303488904929264
17.2285418170589 -0.122214636312329 0.310651672577235
17.2510940581049 -0.115131306564546 0.317266650612639
17.2735297364504 -0.10794225528158 0.323338438389384
17.2958621193051 -0.100656711590429 0.328871262513359
17.3181040041119 -0.0932835716318229 0.333868979843728
17.3402677567955 -0.0858314470404529 0.338335086302214
17.3623653538359 -0.0783087079374159 0.342272729211967
17.3844084264971 -0.070723521272917 0.345684721530949
17.4064083060746 -0.0630838852704727 0.348573556823985
17.4283760694185 -0.055397660639938 0.350941424171394
17.450322584282 -0.0476725991502761 0.352790222471433
17.4722585542536 -0.0399163700863032 0.354121573782923
17.4941945631832 -0.0321365850574404 0.354936835492248
17.5161411191178 -0.0243408215807036 0.355237111189824
17.5381086978364 -0.0165366458242978 0.355023260216155
17.5601077861207 -0.00873163487162017 0.354295905895404
17.582148924927 -0.000933398847572093 0.353055442521629
17.6042427526353 0.00685039676071858 0.351302041205124
17.6264000485512 0.0146120082588265 0.349035654728369
17.6486317768195 0.0223435900405179 0.346256021607495
17.6709491308763 0.0300371696764798 0.342962669610368
17.6933635785183 0.0376846214298235 0.339154919051453
17.715886907595 0.0452776378059868 0.334831886272353
17.738531272228 0.0528076987122267 0.329992487832393
17.7613092393187 0.0602660377633974 0.324635446084859
17.784233834912 0.0676436052270534 0.318759297012803
17.8073185897151 0.0749310270537648 0.312362401458295
17.8305775827094 0.0821185593907833 0.305442961219287
17.8540254812999 0.0891960379337383 0.297999041932639
17.8776775757881 0.0961528214397685 0.290028605240392
17.9015498050649 0.10297772871895 0.281529553486182
17.9256587692397 0.10965896845848 0.272499791154867
17.9500217233636 0.116184061345413 0.262937308503078
17.9746565443654 0.12253975418301 0.252840294387751
17.999581660695 0.128711926108022 0.242207287236691
18.0248159308519 0.134685487704673 0.231037375453244
18.050378452909 0.140444274906352 0.219330461290177
18.076288282354 0.145970941253693 0.207087605247582
18.1025640303155 0.151246854561677 0.194311471037715
18.1292233091479 0.156252007599316 0.181006893483582
18.1562819887083 0.160964957257797 0.167181592232267
18.183753226745 0.165362813022698 0.15284705098284
18.21164624426 0.169421303210746 0.138019572233671
18.2399648366185 0.173114955576663 0.122721497616055
18.268705649621 0.176417435628956 0.106982549651637
18.2978563118709 0.1793020878257 0.0908411995540578
18.3273936006668 0.181742716573824 0.0743458993533866
18.3572819173704 0.183714619673385 0.0575559460513331
18.3874724317894 0.185195842492861 0.0405416943326608
18.4179032788359 0.186168559132075 0.023383837304996
18.4485011066731 0.186620420435458 0.00617156560909477
18.4791840614903 0.186545662352794 -0.0110003958314531
18.5098659842193 0.185945768973163 -0.0280356226134693
18.5404612855936 0.184829546915717 -0.0448402136634306
18.5708897790094 0.183212579860265 -0.0613267983322862
18.601080764862 0.181116157072314 -0.0774177703317194
18.6309758656823 0.178565864083882 -0.0930473846892806
18.6605304185906 0.175590059339006 -0.108162615201736
18.6897135254659 0.172218436996433 -0.122722905495496
18.7185070595886 0.16848081429675 -0.136699094903737
18.7469040055818 0.164406209720694 -0.150071847276386
18.774906489098 0.160022217009357 -0.162829879466012
18.8025237757955 0.15535463991289 -0.174968213310934
18.8297704250801 0.150427333414857 -0.186486592850321
18.8566646987929 0.145262193977444 -0.197388137422299
18.8832272603401 0.139879247638187 -0.207678249432247
18.9094801574107 0.134296795189781 -0.217363763090367
18.9354460578881 0.128531584636286 -0.226452303535831
18.9611476985924 0.122598990753073 -0.234951819711931
18.9866075051361 0.116513189173791 -0.242870254886346
19.0118473446057 0.110287317963121 -0.250215322656378
19.0368883783487 0.103933623409867 -0.256994361555062
19.0617509882342 0.0974635891902418 -0.263214246755444
19.0864547554873 0.0908880494864541 -0.268881342231242
19.111018476159 0.0842172874144673 -0.27400148082312
19.1354602013709 0.0774611204543812 -0.278579962945601
19.1597972937092 0.0706289746557031 -0.28262156722186
19.18404649363 0.0637299493219329 -0.286130568266848
19.2082239916198 0.0567728737380047 -0.289110758274654
19.2323455032477 0.0497663573356865 -0.291565470115031
19.2564263452611 0.0427188345225758 -0.293497600400457
19.2804815116109 0.0356386052442036 -0.294909631524588
19.304525748812 0.0285338722128283 -0.295803652054699
19.3285736304047 0.0214127756232041 -0.29618137512961
19.3526396305374 0.0142834260849606 -0.296044154704833
19.3767381968484 0.00715393643210777 -0.295392999623748
19.4008838229345 3.24530209810251E-05 -0.294228585596967
19.4250911207419 -0.00707281290288676 -0.292551265256786
19.4493748932357 -0.0141535532023323 -0.290361076531952
19.4737502076793 -0.021201329641883 -0.287657749670891
19.4982324698015 -0.0282075388909951 -0.284440713339247
19.5228374990234 -0.035163375119709 -0.28070910034147
19.5475816047656 -0.0420597895235826 -0.276461753678969
19.5724816636236 -0.0488874460558789 -0.271697233875063
19.5975551968731 -0.0556366725741642 -0.266413828789959
19.6228204472971 -0.0622974065282449 -0.260609567543616
19.6482964536723 -0.0688591342314123 -0.254282240695429
19.6740031203318 -0.0753108226756386 -0.247429429542538
19.6999612779395 -0.081640842787995 -0.240048548352035
19.7261927298468 -0.0878368830040249 -0.232136904611733
19.752720275967 -0.0938858520928172 -0.223691784062589
19.7795677028019 -0.0997737703696243 -0.214710569474277
19.806759723817 -0.105485648870733 -0.20519090496491
19.8343218485013 -0.111005356887477 -0.195130921258956
19.8622801509097 -0.116315479677362 -0.18452954168333
19.8906608991339 -0.121397170498584 -0.17338689384072
19.9194899962204 -0.126230004769056 -0.161704857392978
19.9487921715579 -0.130791849658807 -0.149487783291609
19.9785898521193 -0.135058770354873 -0.136743422183531
20.0089016400162 -0.13900500501141 -0.123484096145905
20.0397403349501 -0.14260305385982 -0.1097281328314
20.0711104798653 -0.145823942594583 -0.095501546812013
20.103005490903 -0.148637731954847 -0.0808398907635544
20.135404571449 -0.15101434668575 -0.0657901037671025
20.1682698021277 -0.15292477628789 -0.0504120616831547
20.2015440073799 -0.154342644875241 -0.0347794144923504
20.2351501392464 -0.155246053159658 -0.0189792366560175
20.2689928683968 -0.155619476559011 -0.00311009534722154
20.3029627344464 -0.155455401128843 0.0127215912372138
20.3369426052393 -0.154755351395216 0.0284066114965006
20.3708155241264 -0.1535300523037 0.0438387085354624
20.4044725822801 -0.15179865867559 0.0589200489326587
20.4378194558676 -0.149587207898413 0.0735655109450633
20.4707806830926 -0.146926613995781 0.0877052389665423
20.5033014008415 -0.143850568617194 0.101285371514173
20.5353468398401 -0.140393653104812 0.114267235810622
20.5669002180668 -0.13658984523641 0.126625506970997
20.5979597516385 -0.132471480311794 0.138345852217982
20.6285353980924 -0.128068634536641 0.149422483391999
20.6586457620626 -0.123408849255889 0.159855898673201
20.6883154068623 -0.118517100482421 0.169650960284755
20.7175726684487 -0.113415926157537 0.178815354238306
20.7464479711737 -0.108125641569179 0.187358415092961
20.7749725912717 -0.102664593164646 0.195290266585657
20.8031777919266 -0.0970494183408757 0.202621218093743
20.8310942510594 -0.0912952921452059 0.209361358424694
20.8587517105258 -0.0854161511899205 0.215520295993384
20.8861787871504 -0.079424891164948 0.221107004013023
20.9134028984265 -0.0733335379754168 0.22612973867539
20.9404502669846 -0.0671533945013685 0.230596006411517
20.9673459773729 -0.0608951658755996 0.234512562891808
20.9941140661948 -0.0545690664318092 0.237885431496221
21.020777632387 -0.0481849113770959 0.240719932770762
21.0473589586956 -0.0417521959732078 0.243020719139378
21.0738796385124 -0.0352801646795492 0.244791811100783
21.1003607044551 -0.0287778723795688 0.246036632511904
21.1268227566296 -0.0222542395125286 0.246758043506542
21.1532860895827 -0.0157181026786805 0.246958370244726
21.1797708176793 -0.00917826208148015 0.246639431128739
21.2062969991054 -0.00264352701446151 0.245802559425347
21.2328847589904 0.00387723951055661 0.244448622451611
21.2595544122976 0.0103750759670521 0.242578037652739
21.2863265871767 0.0168408763545005 0.240190786055325
21.313222349422 0.0232653420790859 0.237286423744672
21.3402633285295 0.0296389306424907 0.233864092215991
21.367471845573 0.0359518000414719 0.229922528713782
21.3948710426866 0.0421937476869839 0.225460078034452
21.4224850132933 0.048354142532019 0.220474707766024
21.4503389312546 0.0544218489574998 0.214964029630846
21.4784591757156 0.0603851408157415 0.208925330556432
21.5068734463855 0.0662316038901539 0.202355618424897
21.5356108610705 0.0719480249318843 0.195251689274639
21.5647020231019 0.077520265437735 0.18761022522004
21.594179040402 0.082933118537915 0.179427935730738
21.6240754696871 0.0881701479298158 0.170701759423944
21.6544261480043 0.0932135089861258 0.161429149431815
21.6852668586772 0.0980437543889249 0.151608472900534
21.7166337593017 0.102639630505963 0.14123956420009
21.7485624759892 0.10697787709713 0.130324481315011
21.781086742887 0.111033052942419 0.1188685237495
21.8142364453309 0.114777424845118 0.106881573944136
21.8480349219937 0.118180977996836 0.0943798147998671
21.8824954196068 0.121211631074428 0.0813878405426616
21.9176167083917 0.123835764979471 0.0679410992111712
21.9533780968803 0.126019188142352 0.0540884654237749
21.9897344502118 0.127728642872635 0.0398945401488029
22.026612265234 0.128933879489345 0.0254410497701933
22.0639082134907 0.129610170574671 0.0108265753760989
22.1014915358594 0.129740927248003 -0.0038360573334267
22.1392109983713 0.129319894120802 -0.0184249381617226
22.1769058393599 0.128352360850424 -0.0328162400236646
22.2144187561583 0.126855016124969 -0.046892115927859
22.2516082247344 0.12485443720232 -0.0605477303772947
22.2883577422057 0.122384585522435 -0.0736961239852378
22.3245807192278 0.119483890246968 -0.0862703415421394
22.3602210846319 0.11619248307238 -0.0982230331375787
22.3952506159401 0.112549964764776 -0.109524244626144
22.4296643621063 0.108593855847135 -0.120158255280089
22.4634753974796 0.104358702670399 -0.130120191875658
22.4967097846751 0.0998757098109207 -0.139412904490762
22.5294022357414 0.0951727404611307 -0.148044349881318
22.5615926553059 0.090274541132065 -0.156025550889805
22.5933235542032 0.0852030802079787 -0.163369094242014
22.6246382214994 0.0799779252030437 -0.170088079912788
22.6555795071234 0.0746166130689825 -0.176195422876463
22.6861890690849 0.0691349893766355 -0.181703415455614
22.7165069587729 0.0635475063121261 -0.18662347408583
22.7465714429986 0.057867477882291 -0.190966011464791
22.7764189858582 0.0521072952657142 -0.194740390518701
22.8060843343852 0.0462786073023213 -0.197954929223725
22.8356006685699 0.0403924717133374 -0.200616934968426
22.8649997889191 0.0344594824644073 -0.202732754213748
22.8943123239364 0.0284898781483358 -0.204307828222126
22.9235679464658 0.0224936356137258 -0.205346749093369
22.9527955923958 0.0164805524322573 -0.205853312690259
22.9820236783266 0.0104603212429304 -0.205830566597482
23.0112803168624 0.00444259856017081 -0.205280852286047
23.0405935295089 -0.00156292971199582 -0.204205841336969
23.0699914579613 -0.00754648406102343 -0.202606566047326
23.0995025749793 -0.0134981265946207 -0.200483445098589
23.1291558961654 -0.0194076939371862 -0.197836305288879
23.1589811938027 -0.0252647260053856 -0.19466440068379
23.1890092134603 -0.0310583887961661 -0.190966430989374
23.2192718932595 -0.0367773891785217 -0.186740561568052
23.2498025843737 -0.0424098794821153 -0.181984448393659
23.2806362692905 -0.0479433494342177 -0.176695272494773
23.3118097712534 -0.0533645027355866 -0.170869790228724
23.3433619436133 -0.0586591153320445 -0.164504408285829
23.3753338208399 -0.0638118723173619 -0.157595295948363
23.4077687026278 -0.0688061805490555 -0.150138552223354
23.4407121275003 -0.0736239547422594 -0.142130452536448
23.4742116707807 -0.0782453764878686 -0.133567809285502
23.508316471763 -0.0826486290775639 -0.124448493207182
23.5430763547038 -0.0868096174086696 -0.11477217828765
23.5785403580047 -0.0907016933710706 -0.104541390736759
23.6147544307908 -0.0942954253915432 -0.093762958523709
23.6517580120701 -0.0975584788719026 -0.0824499630044405
23.6895792111593 -0.100455713560011 -0.0706242701389973
23.7282284259471 -0.102949651200313 -0.0583196355050615
23.7676905651506 -0.105001507761617 -0.0455851955019098
23.8079166731137 -0.106572985763509 -0.0324888491129248
23.8488166682936 -0.107628930298299 -0.0191196349055444
23.8902557942594 -0.108140717245577 -0.00558788272664153
23.932057580065 -0.108089878404023 0.00797802111224646
23.9740148975199 -0.10747112169735 0.0214386868366451
24.0159080654821 -0.106293825982147 0.0346537064009168
24.057526083664 -0.104581448790361 0.047492412690791
24.0986857535177 -0.102368962502013 0.0598428424913212
24.139244502318 -0.0996990586323159 0.0716170695221991
24.1791053490701 -0.0966181049202881 0.0827524583149603
24.2182150121906 -0.0931726660697005 0.0932096121602913
24.2565575558614 -0.0894070088780498 0.102968363516489
24.2941461061716 -0.0853616411311143 0.112023103656552
24.3310145504221 -0.0810727048434067 0.120378362607456
24.3672103229427 -0.0765719640376581 0.12804511432349
24.4027887107452 -0.0718871438541239 0.135037947958435
24.4378086842907 -0.0670424360901262 0.141373048518964
24.4723300443109 -0.0620590498046544 0.147066842935134
24.5064116051196 -0.0569557375509382 0.152135149471376
24.5401101435197 -0.0517492640362583 0.156592685023661
24.5734798854263 -0.0464548064813337 0.160452814015555
24.6065723538521 -0.0410862883844677 0.163727452471614
24.639436449397 -0.0356566543133593 0.166427066326596
24.6721186732298 -0.030178095423529 0.168560722767824
24.7046634321447 -0.024662235430858 0.170136167789812
24.7371133867829 -0.0191202858502298 0.171159913172994
24.7695098191953 -0.0135631780808738 0.171637322867971
24.8018930061939 -0.00800167870014993 0.171572693215021
24.8343025917563 -0.00244649327324454 0.170969324294637
24.8667779561126 0.00309163684792029 0.169829581536998
24.8993585818197 0.00860184087026926 0.168154947912986
24.9320844185826 0.0140730245769821 0.165946067873095
24.9649962491292 0.0194937727445079 0.163202784908224
24.9981360581908 0.0248522447141694 0.159924175354537
25.0315474055515 0.0301360597455148 0.15610858202061
25.0652758019853 0.0353321685145863 0.151753652565626
25.0993690832594 0.0404267067463349 0.146856389538498
25.1338777714987 0.0454048265329647 0.141413221921046
25.1688554039253 0.0502505004790409 0.135420112354252
25.2043587945067 0.0549462936047236 0.128872720595844
25.2404481717706 0.0594730982624068 0.121766653018353
25.2771871022815 0.0638098287904938 0.114097841209764
25.3146420592459 0.0679330763299104 0.10586311121981
25.3528814241043 0.0718167320298509 0.0970610296579237
25.3919736122302 0.0754316017967316 0.0876931432294333
25.4319838962326 0.0787450622989311 0.0777657599190389
25.4729693872469 0.0817208518089161 0.0672924392801965
25.5149715968356 0.0843191551857502 0.0562973350389149
25.5580061882797 0.0864972262815645 0.0448194076615845
25.6020501747643 0.088210866854387 0.032917215630044
25.6470281722644 0.0894170795212154 0.0206734403589547
25.6928012948972 0.090078018838608 0.00819758382673739
25.7391640115885 0.0901658847684674 -0.00437520543989644
25.7858539783562 0.0896677242600371 -0.0168907932151499
25.8325760706895 0.0885886274779878 -0.0291880572006382
25.8790356739214 0.0869520350194558 -0.0411136127578167
25.9249717146042 0.0847968950756653 -0.0525351494488118
25.9701803475523 0.0821726255810149 -0.0633498920411447
26.0145250324133 0.0791334693568885 -0.0734869566580968
26.0579342474994 0.0757336319260632 -0.0829046407299501
26.1003912609046 0.0720239169183712 -0.0915848035983619
26.1419207249967 0.0680499156199224 -0.0995264133830795
26.1825755625807 0.063851424366041 -0.106739641688021
26.2224259784803 0.0594626566782884 -0.113241142864609
26.2615511686215 0.0549128737519682 -0.119050628525316
26.300033568087 0.0502271697514032 -0.124188572922708
26.3379551691874 0.0454272555298695 -0.128674790503847
26.3753953826898 0.0405321633239896 -0.132527631888331
26.4124299772505 0.035558844671119 -0.135763590228272
26.4491307330953 0.0305226611713205 -0.138397163726281
26.4855655457462 0.0254377805553845 -0.140440867494022
26.521798798389 0.0203174949499158 -0.141905324567741
26.5578918841395 0.0151744783309342 -0.142799392099698
26.593903804208 0.0100209983715017 -0.143130296526057
26.6298917985845 0.00486909555155483 -0.14290376311759
26.6659119861142 -0.000269259830614014 -0.142124132676511
26.7020200037435 -0.00538202394466648 -0.140794462729748
26.7382716425476 -0.0104569415749685 -0.138916613460986
26.7747234824141 -0.0154814075824073 -0.136491320590988
26.8114335288363 -0.0204423215956133 -0.13351825902784
26.8484618545097 -0.0253259299213994 -0.129996102830983
26.885871245102 -0.030117648406531 -0.125922589312874
26.9237278418445 -0.0348018594556433 -0.121294598457499
26.9621017617983 -0.0393616757169176 -0.116108263949933
27.0010676568913 -0.0437786622879321 -0.110359139952754
27.0407051405059 -0.0480325090712307 -0.104042459717672
27.0810989584118 -0.0521006459226506 -0.0971535401107569
27.1223386989412 -0.0559577970296392 -0.0896884126323979
27.1645177122111 -0.0595754804008482 -0.0816447991343158
27.2077307266087 -0.0629214785045736 -0.0730236003234909
27.2520694105184 -0.0659593452048808 -0.0638311226307666
27.2976148666467 -0.0686480837770807 -0.0540823136993131
27.3444259058393 -0.0709422420908842 -0.0438052539136493
27.3925222653167 -0.0727928202822519 -0.033046948143147
27.4418633036949 -0.0741495202754279 -0.0218799070469648
27.4923257163086 -0.0749648339180882 -0.0104079789557967
27.5436881097131 -0.0752000203219568 0.00123136406159235
27.595633137702 -0.0748320226030785 0.0128715821404811
27.647774717374 -0.0738592037256824 0.024330106159282
27.6997069919404 -0.0723034546038761 0.03542755965001
27.7510596452528 -0.0702074913813449 0.0460071509574487
27.8015409384478 -0.067628344142063 0.0559479521390638
27.8509577475928 -0.0646295127191772 0.0651691776670194
27.8992134390121 -0.0612741587984467 0.0736267017802388
27.9462915869259 -0.0576205606528732 0.0813052298519173
27.9922344517387 -0.0537198933214386 0.0882094351372486
28.0371224602377 -0.0496157580567389 0.0943561409749655
28.0810576807586 -0.0453447535806238 0.0997683738961289
28.124151958349 -0.040937519980292 0.104471303091199
28.1665191699052 -0.0364198914948728 0.108489717157074
28.2082706495117 -0.0318139670874631 0.111846608704481
28.2495128457397 -0.0271390220435387 0.114562490325177
28.2903464491176 -0.0224122479856863 0.116655158348644
28.3308664335692 -0.0176493390661577 0.118139709627693
28.3711626337054 -0.0128649529521447 0.119028686292463
28.4113206153194 -0.00807307621826948 0.11933227275355
28.4514226920032 -0.00328732060393594 0.11905850195059
28.4915490048222 0.00147882770571382 0.118213448565493
28.5317786230612 0.00621178763412334 0.116801399656336
28.5721906491308 0.0108976766310343 0.114825000956491
28.6128653246813 0.0155221051540637 0.112285382111149
28.6538851407617 0.0200699606236563 0.109182267982389
28.6953359536214 0.0245251696099313 0.105514087111879
28.7373080988245 0.028870426638995 0.101278093692026
28.7798974768539 0.033086877121655 0.0964705273701715
28.823206547412 0.0371537408851691 0.0910868478096499
28.8673451067447 0.0410478623996584 0.0851221009249859
28.9124306154167 0.0447431756480728 0.0785715050700911
28.9585876670133 0.0482100789922292 0.071431393446559
29.0059459063627 0.0514147348142597 0.0637007191047294
29.0546352856953 0.0543183520953508 0.0553834223631364
29.1047769975978 0.0568765971617819 0.0464920610887705
29.1564679080439 0.0590394345259937 0.0370531476353538
29.2097563793716 0.0607519402977279 0.0271144552619664
29.2646092319403 0.0619568983352512 0.0167538375805406
29.320874883639 0.0626000430430176 0.00608751331217565
29.3782564570376 0.0626381701580816 -0.00472644503482364
29.4363152798435 0.0620486378821823 -0.0154947358037826
29.4945187042036 0.0608367427135439 -0.0260079505270989
29.5523230152021 0.0590371469750406 -0.0360675573227166
29.6092594194615 0.0567082062934143 -0.0455104745564981
29.6649906802691 0.0539217843257923 -0.05422241818036
29.7193264633994 0.0507527790942323 -0.0621381367142344
29.7722063852209 0.0472714159451393 -0.0692326390416772
29.8236677143658 0.0435391658854286 -0.0755091187999735
29.8738116233317 0.0396076165306474 -0.0809876893337977
29.9227753193205 0.035519140736733 -0.0856967549418704
29.9707121226775 0.0313083736943968 -0.0896672350972585
30.0177787511882 0.0270038683068466 -0.0929291174313987
30.0641280974204 0.0226296110041703 -0.0955096467731198
30.1099057782761 0.0182062820538928 -0.0974325498545261
30.1552490862764 0.013752251621293 -0.0987178586713258
30.20028737427 0.00928434909230915 -0.0993820457992988
30.2451432417529 0.00481845652298726 -0.0994382975869933
30.2899341368771 0.000369975360451804 -0.0988968270054608
30.3347741543414 -0.00404579144870152 -0.0977651757779599
30.3797759153082 -0.0084133074690132 -0.0960484843911625
30.4250524790308 -0.0127164926617088 -0.093749726030247
30.4707192697159 -0.0169384111618747 -0.0908699117434844
30.5168960134102 -0.0210609352212666 -0.087408283186982
30.5637086698209 -0.0250643640979539 -0.0833625194197613
30.6112913078839 -0.0289269758973978 -0.0787289988131356
30.6597877976571 -0.0326244891900035 -0.0735031805595242
30.7093530475464 -0.0361294115140086 -0.0676802087783744
30.7601532577742 -0.0394102577139178 -0.0612559048880721
30.812364214669 -0.042430641262676 -0.0542284124514048
30.8661659214037 -0.0451482942151975 -0.0466009028399883
30.9217307925511 -0.0475141895745642 -0.0383859290372127
30.9792014266539 -0.0494721748124037 -0.0296121443604095
31.0386535999701 -0.0509599209353982 -0.0203339113100182
31.1000432177404 -0.0519124709200566 -0.0106432229445904
31.1631465528153 -0.0522697800247847 -0.000680638518619199
31.227521378351 -0.0519883957288836 0.00936188950152225
31.2925279469891 -0.051054224561786 0.0192544739472814
31.3574273202995 -0.0494901759890738 0.0287601780636048
31.421522791251 -0.0473536186785807 0.0376719249005302
31.4842784300718 -0.044724592169549 0.0458386960416396
31.5453711260567 -0.0416909015374519 0.0531723688013057
31.6046786850543 -0.0383361163904839 0.0596386269170728
31.6622329497262 -0.0347329321301794 0.0652408821972483
31.7181660182088 -0.0309412266696794 0.0700045395719813
31.7726651995306 -0.0270089784216759 0.0739650173849625
31.8259413525398 -0.0229744093483601 0.0771599992294009
31.8782093983018 -0.0188683393344358 0.0796250719354364
31.92967788461 -0.014716276641564 0.08139164316052
31.9805445426498 -0.0105400994585851 0.0824862199889976
32.0309954960464 -0.00635934467275174 0.0829304151289823
32.0812065460634 -0.00219218016022409 0.082741290379388
32.1313455585685 0.00194385237978563 0.0819318175683579
32.1815753943875 0.00603124581325368 0.080511345286134
32.2320570896011 0.0100520224292188 0.0784860245683538
32.2829531480284 0.0139872623623039 0.0758591852903536
32.3344308856199 0.0178166207596111 0.0726316803245488
32.386665780797 0.021517792973797 0.0688022363319931
32.4398447320178 0.0250658879599497 0.0643678771714172
32.4941689751136 0.0284326696198973 0.0593245283449559
32.5498561015897 0.031585628310762 0.0536679825674835
32.6071400204157 0.0344868599369967 0.0473955275483214
32.6662666189868 0.0370917802588948 0.0405087323905277
32.7274810654648 0.0393478344742035 0.0330181711582396
32.7910001622333 0.0411936634972881 0.0249511622198443
32.8569611541031 0.042559769695558 0.0163635780332426
32.9253415672188 0.0433725598861215 0.00735548488053368
32.9958623068507 0.0435640671316674 -0.00191368174443745
33.0679223380926 0.0430878415671656 -0.0112212151333198
33.1406379169368 0.0419360736686277 -0.0203013343805966
33.2130131165407 0.0401478923295242 -0.028889580473505
33.2841643743748 0.0378021145477647 -0.0367707637167139
33.3534793396067 0.0349985830484509 -0.0438058129298083
33.4206565320968 0.0318386889937165 -0.0499306250911335
33.4856554786331 0.0284125748171234 -0.0551374209073036
33.5486136396744 0.0247941495128585 -0.0594523214517468
33.6097694465296 0.0210414337923996 -0.0629171665233324
33.6694065358815 0.0171993607290815 -0.0655776463790148
33.727819431153 0.0133031280273742 -0.0674767602904784
33.7852954849184 0.00938120079044345 -0.0686518448602089
33.84210747213 0.00545769296850698 -0.0691336660373996
33.8985125226239 0.00155415440757799 -0.0689465564477681
33.9547545543616 -0.00230910514000332 -0.0681089968241853
34.0110685160407 -0.0061120092608588 -0.0666343241860778
34.0676855132974 -0.00983389715667657 -0.0645314228443846
34.1248383520779 -0.013452789460133 -0.0618053562603925
34.1827672662502 -0.0169446497687521 -0.0584579619108429
34.2417256458858 -0.0202825642581664 -0.0544884839797468
34.3019854304103 -0.023435766139134 -0.0498943834709986
34.3638413727491 -0.0263684364665017 -0.0446725695466531
34.4276123751116 -0.0290382334364028 -0.0388214776421099
34.4936361011861 -0.0313945769894088 -0.032344729879447
34.5622494794097 -0.0333769320557593 -0.0252575863417701
34.6337424207588 -0.0349138651359952 -0.0175979081845627
34.7082681868849 -0.0359247165751821 -0.00944317970972051
34.7857038707913 -0.0363271709880884 -0.000932187838425351
34.8655011457854 -0.036053987838287 0.00771850699694875
34.9466434435593 -0.0350766992620132 0.0162233307186727
35.0278239680473 -0.0334236246147256 0.024274975940929
35.1077886254383 -0.0311774233888327 0.0316110278603102
35.185630432596 -0.0284525458349863 0.0380594600093851
35.2608919388155 -0.0253679461565108 0.0435433144650124
35.3335030083886 -0.0220285534563073 0.04805705250575
35.4036538871619 -0.0185183499832066 0.0516362353177062
35.4716767765575 -0.0149012669711467 0.0543334436525055
35.5379627816151 -0.0112253827155174 0.0562034049387188
35.60291358519 -0.00752760319299492 0.0572954918110837
35.6669182461399 -0.00383763998676373 0.0576508294628102
35.7303456169584 -0.000181034138894753 0.0573018458936994
35.7935455745284 0.0034186370277488 0.0562729201836253
35.8568548805344 0.00693812878548973 0.054581408663797
35.9206053481962 0.0103532404582997 0.0522387211989001
35.9851331123629 0.0136376732761835 0.0492513503436106
36.0507883335235 0.0167618712520158 0.0456219024812005
36.1179446751049 0.0196917025475504 0.0413503079623492
36.1870072365859 0.0223868547145698 0.0364355603124421
36.2584158207339 0.0247988552190936 0.0308786318728911
36.3326364487419 0.0268687623108293 0.0246877388756017
36.4101264335834 0.0285249823861406 0.0178879512928704
36.491247107647 0.0296827280741921 0.0105379355527706
36.576093763711 0.0302487235176918 0.002755502617744
36.664252499615 0.030136865651803 -0.00525431698858848
36.7546226752573 0.0292971419675651 -0.0131924275916642
36.8455500439522 0.027745162690369 -0.020710159564703
36.935310508917 0.0255675834806743 -0.0274956090308317
37.0226126951929 0.022895811357622 -0.0333432286541726
37.1068055875267 0.0198687401707276 -0.0381662807887706
37.1877990671058 0.0166070504261169 -0.0419661050619042
37.2658705911063 0.0132044376566112 -0.0447915103483509
37.3414875212714 0.00972979969469368 -0.0467078484585651
37.4151884543322 0.00623348268894173 -0.047779307539427
37.4875191226268 0.0027536524602706 -0.0480610050618924
37.5590054703632 -0.000678600631392246 -0.0475966910347457
37.6301485176276 -0.00403553206434377 -0.0464191175308123
37.7014308704618 -0.00729005175807759 -0.044551431523108
37.7733290914457 -0.0104136629246982 -0.0420088308397265
37.846328855404 -0.0133746702227016 -0.038800249156043
37.9209410177349 -0.0161363560329267 -0.0349301727846117
37.9977164046016 -0.0186548714525942 -0.0304010030086378
38.0772545792138 -0.0208766540235279 -0.025216833459861
38.1601950582994 -0.0227353836931199 -0.0193903239154554
38.2471649973872 -0.0241491447572424 -0.0129556909634926
38.3386345989106 -0.0250202844851388 -0.00599213073745758
38.4346255236427 -0.025244138331238 0.00134062032068936
38.5343233366491 -0.0247354369496802 0.00876924823990738
38.6359256548755 -0.0234704964954 0.0159200055253013
38.7371091469526 -0.0215155138993651 0.0224090035040333
38.8358686981641 -0.0190094915775383 0.0279545389222971
38.9310526218121 -0.0161156572327047 0.0324240647211964
39.0223696941231 -0.012980246324159 0.0358063193894405
39.1101197952429 -0.00971588592280007 0.0381569337927335
39.1949121130234 -0.00640312290056027 0.0395543711614502
39.2774738276842 -0.0030989384588091 0.0400750628881708
39.3585493987517 0.00015438295440016 0.0397830082173521
39.4388611869168 0.00332227385776699 0.0387273341142593
39.5191050388506 0.00637287893867224 0.0369433845852179
39.5999639904453 0.00927342762217507 0.0344550487235276
39.6821307348925 0.0119873123481933 0.0312774413309264
39.766333346